7.396127e+03 2.511328e+02 1.037455e+03 4.182856e-01 8.628149e-01 -1.098375e-01 4.877177e-02 5.505774e+00
7.217629e+03 2.745377e+02 1.513160e+03 9.838301e-02 6.639150e-02 9.872602e-02 3.476008e-02 3.770626e+00
7.707552e+03 3.374692e+02 1.420163e+03 6.290276e-01 3.276374e-01 2.119285e-02 3.692088e-02 4.555103e+00
7.602906e+03 2.847270e+02 1.638528e+03 1.057134e-01 2.492098e-01 1.362563e-01 -2.294861e-02 4.377727e+00
7.586861e+03 3.119838e+02 9.482118e+02 5.527067e-01 5.223047e-02 1.663122e-01 1.654329e-02 2.762904e+00
7.528412e+03 2.722952e+02 1.599592e+03 5.619165e-01 6.563750e-01 1.513395e-01 -2.260493e-02 5.394149e+00
7.329723e+03 2.991494e+02 5.334630e+02 6.368665e-01 9.903776e-01 2.362489e-02 -4.372451e-02 5.389228e+00
7.650764e+03 3.224395e+02 1.659503e+03 4.106119e-02 4.692557e-01 1.696473e-01 8.538980e-03 5.164315e+00
7.571924e+03 2.585389e+02 1.002756e+03 9.175853e-01 7.911833e-01 1.594046e-01 -2.488399e-02 4.480804e+00
7.242577e+03 3.371626e+02 1.211207e+03 8.320224e-01 6.152584e-01 6.192893e-02 -3.652614e-02 5.117574e+00
7.581537e+03 2.681519e+02 1.540938e+03 9.052642e-01 1.346945e-01 -1.373908e-01 5.040046e-02 2.691282e+00
7.507908e+03 3.239456e+02 8.197821e+02 3.175067e-01 5.003054e-01 -8.260439e-02 4.472483e-02 4.426510e+00
7.893621e+03 3.209110e+02 6.855142e+02 6.214673e-02 7.692633e-01 1.449360e-01 2.356953e-02 4.818310e+00
7.603882e+03 2.509301e+02 5.135950e+02 4.660651e-01 8.236863e-01 1.306479e-01 4.289178e-03 4.693114e+00
7.352832e+03 3.234973e+02 9.713316e+02 4.924939e-01 4.349892e-01 1.637668e-01 1.251897e-02 4.082525e+00
7.595972e+03 3.308750e+02 1.394775e+03 1.307982e-01 1.712680e-01 9.542226e-02 3.826207e-02 3.991042e+00
7.879000e+03 2.930408e+02 1.414229e+03 8.259806e-01 3.501893e-01 -1.153604e-01 2.032317e-02 3.831598e+00
7.373474e+03 3.207163e+02 1.224256e+03 2.591840e-01 9.881793e-01 5.553148e-02 -2.020254e-03 8.011073e+00
7.514706e+03 2.531856e+02 5.677572e+02 5.176050e-01 9.262969e-01 -5.397498e-02 3.183936e-02 5.345615e+00
7.457177e+03 2.815286e+02 1.147627e+03 5.656022e-03 9.143668e-01 3.705783e-02 -4.574535e-03 8.005967e+00
7.451791e+03 3.271526e+02 1.631644e+03 4.967273e-01 7.734957e-01 -4.427234e-02 2.084700e-02 7.212189e+00
7.623223e+03 2.878531e+02 1.056335e+03 4.171168e-01 5.705221e-01 2.453665e-02 3.048926e-02 5.567116e+00
7.386505e+03 2.851706e+02 1.458950e+03 7.812726e-01 5.672612e-01 5.219743e-02 -4.420400e-02 5.196934e+00
7.711314e+03 3.495275e+02 5.350738e+02 6.102306e-02 7.336555e-01 -1.742542e-01 -2.963388e-02 4.300317e+00
7.308676e+03 2.694582e+02 5.301300e+02 6.358473e-01 2.683957e-01 -1.622524e-01 2.758190e-03 3.097061e+00
7.482609e+03 2.674759e+02 7.749546e+02 2.336226e-02 5.239046e-01 1.294967e-01 2.985610e-02 4.494212e+00
7.297505e+03 2.950371e+02 7.673312e+02 9.941425e-01 8.926989e-01 -1.646069e-01 -4.413698e-02 4.161150e+00
7.485845e+03 2.787607e+02 7.162392e+02 1.053076e-02 2.998933e-02 -1.569617e-01 2.069815e-02 3.055851e+00
7.397681e+03 2.817097e+02 1.694394e+03 4.952543e-01 2.989160e-01 1.540566e-01 2.732804e-02 4.117269e+00
7.563527e+03 2.754605e+02 7.812308e+02 6.065048e-01 1.968425e-01 9.586895e-02 -1.739152e-02 3.399638e+00
7.758842e+03 2.966917e+02 1.048636e+03 8.677565e-01 4.903588e-01 4.982009e-02 1.570424e-03 4.725169e+00
7.815220e+03 2.734339e+02 1.519694e+03 5.827155e-01 5.807404e-01 3.306250e-02 -1.640873e-03 6.359288e+00
7.388604e+03 3.028960e+02 1.052382e+03 3.079259e-01 8.451547e-01 -8.213861e-02 1.904882e-02 6.317976e+00
7.737426e+03 2.728404e+02 7.151503e+02 4.424974e-01 8.285993e-01 1.611659e-01 -2.320791e-02 4.704073e+00
7.716132e+03 2.522539e+02 1.165110e+03 1.554613e-01 7.995439e-01 -1.599086e-01 -2.052534e-02 5.595831e+00
7.669795e+03 3.073844e+02 8.357674e+02 1.135420e-01 3.816015e-01 -1.140432e-01 4.558507e-02 4.001334e+00
7.725927e+03 3.175985e+02 1.692745e+03 7.571032e-01 6.530322e-01 1.430875e-01 -4.598204e-02 4.927995e+00
7.963676e+03 2.905457e+02 6.081689e+02 4.289624e-01 7.383501e-01 -1.223654e-01 3.429008e-02 4.334684e+00
7.589862e+03 3.319601e+02 1.289882e+03 8.200377e-01 3.701430e-01 -1.745213e-02 -3.831565e-02 4.373382e+00
7.582475e+03 2.988759e+02 1.329490e+03 4.305110e-01 9.346273e-01 -7.647582e-02 -1.791077e-02 7.080919e+00
7.420426e+03 2.643397e+02 1.073330e+03 8.817948e-01 4.603760e-01 -5.919454e-02 -3.330452e-02 4.239162e+00
7.718236e+03 2.779542e+02 9.181890e+02 6.393283e-01 9.284641e-02 -1.406661e-01 -1.220577e-02 2.897964e+00
7.262383e+03 3.259912e+02 1.106611e+03 1.895928e-01 8.390491e-01 -1.266320e-01 5.423344e-03 6.306497e+00
7.873760e+03 3.422011e+02 1.386227e+03 5.554861e-01 7.357733e-01 -1.211393e-01 4.490424e-03 5.766888e+00
7.835791e+03 3.469804e+02 1.507186e+03 9.750641e-01 7.565316e-02 -8.372917e-02 -5.190822e-02 2.500661e+00
7.888480e+03 2.868297e+02 8.919110e+02 4.335561e-01 9.861188e-01 -1.330040e-02 3.149662e-02 6.539342e+00
7.570595e+03 3.102520e+02 7.125363e+02 5.435240e-01 5.552084e-01 5.118934e-02 -4.617881e-02 4.436563e+00
7.535517e+03 2.640752e+02 9.844756e+02 4.982951e-01 1.206157e-01 2.518460e-02 -1.479795e-02 3.983961e+00
7.517621e+03 2.960551e+02 1.352461e+03 4.879494e-01 7.553570e-01 1.129921e-01 1.373687e-02 5.971316e+00
7.984878e+03 3.121469e+02 1.417100e+03 6.951247e-01 1.602813e-01 7.682088e-02 -4.739768e-02 3.340231e+00
7.349495e+03 3.325200e+02 5.044009e+02 9.725735e-01 9.397750e-01 1.631902e-01 -6.455893e-03 4.150345e+00
7.463604e+03 3.255922e+02 1.281628e+03 1.584131e-01 1.156530e-01 5.804024e-02 -4.163603e-02 3.983282e+00
7.605792e+03 3.137617e+02 7.850279e+02 5.190105e-01 9.483115e-01 1.337201e-01 1.282878e-02 5.413834e+00
7.703585e+03 3.023021e+02 1.231571e+03 5.888434e-01 1.998383e-01 1.670717e-01 3.840116e-02 3.140778e+00
7.804111e+03 2.801395e+02 5.941407e+02 9.316518e-01 3.608415e-01 -1.279375e-01 1.111760e-02 2.995462e+00
7.938783e+03 2.909518e+02 7.291045e+02 8.715413e-01 1.453389e-01 -1.366560e-01 -3.398151e-02 2.483314e+00
7.435210e+03 2.629931e+02 9.585639e+02 3.652737e-01 1.732627e-01 3.977856e-02 1.008215e-02 4.242484e+00
7.327492e+03 3.079063e+02 8.553439e+02 5.092111e-01 6.066015e-01 5.359269e-02 -2.146186e-02 5.291361e+00
7.751745e+03 2.539884e+02 6.974848e+02 1.539197e-02 5.310418e-01 1.613498e-01 -1.849229e-02 4.287333e+00
7.415945e+03 2.660534e+02 6.658703e+02 7.649730e-01 3.949798e-01 -1.012277e-03 3.242014e-02 3.995417e+00
7.321759e+03 3.497099e+02 1.176915e+03 8.829781e-01 9.438617e-02 -1.738161e-01 -3.853965e-02 2.459067e+00
7.917155e+03 3.321345e+02 8.675690e+02 8.601919e-01 5.420585e-01 7.955906e-02 -1.030083e-02 4.285580e+00
7.929388e+03 3.499005e+02 1.302611e+03 7.296497e-02 6.023069e-01 -2.319098e-02 4.525397e-02 5.809281e+00
7.922090e+03 3.429894e+02 1.323170e+03 5.265646e-01 5.200761e-01 -1.247794e-01 -3.358262e-02 4.579891e+00
7.843569e+03 2.997519e+02 1.633050e+03 6.929967e-01 4.293754e-01 4.421424e-02 -3.072985e-02 5.042531e+00
7.931019e+03 3.198384e+02 8.326084e+02 1.673320e-01 3.456312e-01 -6.800875e-02 -3.990248e-02 4.226137e+00
7.574248e+03 2.648617e+02 1.064073e+03 7.933098e-01 4.385707e-01 1.100391e-01 2.590763e-02 3.953941e+00
7.706225e+03 3.302081e+02 1.118118e+03 8.997553e-01 7.220424e-01 -9.082396e-02 5.177894e-02 4.544947e+00
7.961981e+03 3.001008e+02 1.560301e+03 6.985624e-01 2.048703e-02 9.207582e-02 4.760761e-02 2.765902e+00
7.935727e+03 3.456060e+02 9.451921e+02 6.262410e-01 2.142894e-01 -4.688857e-02 1.841523e-02 3.815274e+00
7.466075e+03 3.316213e+02 1.340002e+03 5.707369e-01 2.576113e-01 -1.015793e-01 -1.997453e-02 4.041733e+00
7.826204e+03 2.835186e+02 1.237941e+03 4.633432e-01 3.752904e-01 -1.195227e-01 -1.466166e-04 4.466408e+00
7.228707e+03 3.492363e+02 1.316497e+03 6.761205e-01 7.622221e-01 -7.711367e-02 3.931783e-02 5.838850e+00
7.455893e+03 3.377479e+02 5.279305e+02 8.409136e-01 4.485748e-01 1.111686e-01 5.001351e-02 3.144444e+00
7.745714e+03 2.583412e+02 1.075692e+03 7.340184e-01 8.772936e-01 -1.580178e-01 -5.129211e-02 4.797417e+00
7.446449e+03 3.367293e+02 1.239497e+03 8.315187e-01 4.220381e-01 -2.975804e-03 2.414367e-02 4.826074e+00
7.667999e+03 3.391407e+02 5.068411e+02 3.545794e-01 5.820862e-01 1.350257e-01 -4.945798e-03 4.193951e+00
7.345698e+03 3.184386e+02 6.476881e+02 4.690508e-01 6.309736e-01 -1.504748e-02 -4.176467e-02 4.901242e+00
7.465459e+03 3.080321e+02 9.264057e+02 8.288484e-01 4.410745e-01 -9.793837e-02 -2.923689e-02 3.889321e+00
7.309689e+03 2.769908e+02 1.442680e+03 2.058028e-01 1.041551e-02 1.109557e-01 -4.351128e-02 3.287537e+00
7.269188e+03 2.782050e+02 1.232131e+03 9.190330e-02 3.102801e-01 -1.673731e-01 -2.780075e-02 4.143306e+00
7.971010e+03 2.837350e+02 1.014246e+03 2.681093e-02 3.598914e-02 -4.070939e-02 7.461287e-03 4.054787e+00
7.953749e+03 2.656821e+02 9.225445e+02 8.506004e-01 7.199986e-01 7.996435e-02 -3.147570e-02 4.636379e+00
7.354721e+03 2.824663e+02 8.137553e+02 1.065931e-01 6.044518e-01 -7.214349e-02 -2.135752e-02 5.426887e+00
7.443976e+03 2.797351e+02 5.549904e+02 5.745367e-01 6.478687e-01 -1.691552e-03 -4.443550e-02 4.592588e+00
7.369730e+03 2.567166e+02 8.757303e+02 1.419684e-01 2.274920e-01 -5.175832e-03 6.065750e-03 5.083674e+00
7.509746e+03 3.310431e+02 1.174469e+03 3.516523e-01 7.854120e-01 6.314459e-02 2.709342e-02 6.306146e+00
7.776842e+03 3.183306e+02 9.488661e+02 4.038508e-01 3.935361e-01 9.780958e-02 1.548659e-02 4.300671e+00
7.217321e+03 3.264550e+02 6.155839e+02 3.627875e-01 7.589901e-01 -2.408440e-02 4.375487e-02 5.273074e+00
7.907449e+03 2.540283e+02 6.499309e+02 8.145224e-01 3.493361e-01 -1.694909e-01 1.165583e-02 2.997753e+00
7.294450e+03 3.490154e+02 1.213253e+03 6.887799e-01 6.610509e-01 -1.113450e-01 4.738870e-02 4.867751e+00
7.952143e+03 3.440152e+02 1.257743e+03 5.417812e-01 9.500519e-01 -1.510872e-01 1.658508e-04 6.066549e+00
7.762938e+03 3.414894e+02 1.399146e+03 2.247897e-01 4.429761e-01 2.101164e-03 -4.643978e-02 5.296083e+00
7.543031e+03 2.968294e+02 1.116176e+03 1.951634e-01 5.493416e-01 1.495830e-01 -1.702086e-02 4.880762e+00
7.761399e+03 3.451451e+02 1.665926e+03 1.002863e-01 3.326875e-01 -1.258220e-01 -5.403565e-03 4.958442e+00
7.208618e+03 2.711593e+02 1.670416e+03 3.439619e-01 7.455316e-01 7.180245e-02 3.888718e-02 6.754197e+00
7.344388e+03 3.142320e+02 5.457784e+02 1.463365e-01 7.269612e-01 -1.081734e-01 -3.920172e-02 4.654645e+00
7.233576e+03 2.980361e+02 5.161040e+02 6.459517e-01 8.885906e-01 -1.069236e-01 4.150695e-02 4.524200e+00
7.618776e+03 2.875504e+02 1.308120e+03 3.214107e-01 5.442252e-01 1.464319e-01 -4.255710e-02 4.673652e+00
7.769409e+03 2.897054e+02 7.690321e+02 2.029731e-01 3.552174e-01 3.164137e-02 -2.014209e-02 4.770185e+00
7.845903e+03 3.168596e+02 5.387165e+02 8.369706e-01 8.430572e-01 -1.558371e-01 -1.984300e-02 3.991270e+00
7.786277e+03 2.893965e+02 5.756007e+02 3.857985e-01 7.934698e-01 -4.884195e-02 1.722159e-03 5.618258e+00
7.720138e+03 3.281896e+02 1.208099e+03 6.963312e-01 4.479717e-01 -4.125881e-02 -4.516042e-02 4.586964e+00
7.974773e+03 3.447084e+02 1.641028e+03 5.458227e-01 3.539746e-01 3.245331e-02 3.344009e-02 4.909781e+00
7.240343e+03 3.058374e+02 6.797409e+02 1.356280e-01 7.006048e-01 5.415939e-02 3.969116e-02 5.330514e+00
7.947137e+03 3.459745e+02 8.466431e+02 1.260862e-01 1.067371e-01 -7.857793e-02 -1.077448e-02 3.783557e+00
7.827809e+03 3.464390e+02 9.533249e+02 8.551534e-01 2.295731e-01 6.750505e-02 2.887953e-02 3.265523e+00
7.988800e+03 3.424687e+02 1.431035e+03 5.508647e-01 3.831742e-01 1.540556e-02 -3.101203e-02 5.008020e+00
7.647418e+03 3.301017e+02 1.452658e+03 3.476841e-01 7.573300e-01 7.179118e-03 1.704814e-02 7.500493e+00
7.642356e+03 3.083414e+02 8.260449e+02 6.192211e-01 4.977503e-01 1.048572e-01 -3.201617e-02 4.106543e+00
7.540438e+03 3.406830e+02 1.467472e+03 9.220992e-01 7.036649e-03 -1.391368e-01 -3.946556e-02 2.264626e+00
7.847875e+03 3.218231e+02 1.275917e+03 2.854358e-01 6.825722e-01 -1.388222e-01 2.895865e-02 5.220763e+00
7.606904e+03 3.212851e+02 1.548010e+03 4.893543e-01 1.105358e-01 -5.725555e-03 9.114385e-03 4.535039e+00
7.712371e+03 2.559172e+02 1.040518e+03 7.998021e-01 4.022101e-01 4.554920e-02 -3.810421e-02 4.125985e+00
7.904395e+03 2.739816e+02 7.611977e+02 9.858812e-01 5.712927e-03 3.002490e-02 -3.509735e-02 2.310676e+00
7.288368e+03 3.484204e+02 1.635274e+03 2.487876e-01 2.731505e-01 1.610901e-02 3.222020e-02 5.255860e+00
7.250214e+03 3.139445e+02 1.648548e+03 1.535202e-01 2.377357e-03 -5.330459e-02 1.032535e-02 4.105302e+00
7.951930e+03 3.027670e+02 5.786482e+02 2.118816e-01 6.398989e-01 5.458580e-02 3.944668e-02 4.702503e+00
7.557079e+03 2.903950e+02 9.070906e+02 7.015938e-02 9.161111e-01 5.272958e-02 1.601717e-02 6.840469e+00
7.592536e+03 2.934760e+02 1.569285e+03 7.717046e-01 7.059530e-01 4.293292e-02 4.617562e-02 5.824341e+00
7.299316e+03 2.706107e+02 1.379628e+03 9.703040e-01 9.930421e-01 -1.060411e-01 5.058402e-02 5.774558e+00
7.700080e+03 2.604372e+02 5.722320e+02 1.786859e-01 7.791657e-01 -9.596003e-03 2.574252e-02 5.694487e+00
7.417621e+03 3.047727e+02 7.554094e+02 6.259752e-01 1.497167e-01 8.817885e-02 9.954969e-03 3.331002e+00
7.691498e+03 3.194043e+02 1.606174e+03 9.463780e-01 3.286401e-01 -1.125295e-01 3.443052e-02 3.575852e+00
7.484525e+03 2.799640e+02 1.315249e+03 4.661508e-02 2.708105e-01 1.302588e-01 -9.175747e-03 4.485943e+00
7.854446e+03 3.171373e+02 1.112478e+03 1.239555e-01 8.411453e-01 1.504464e-01 9.733384e-03 5.804207e+00
7.677889e+03 3.432783e+02 1.008176e+03 5.374016e-01 4.849511e-01 -1.612773e-01 -8.746763e-03 4.180520e+00
7.646074e+03 3.481356e+02 1.351614e+03 7.285890e-01 9.447573e-01 6.497586e-02 -8.066563e-04 7.152490e+00
7.277133e+03 3.454395e+02 1.241626e+03 2.793193e-01 6.544318e-01 -1.476523e-01 -2.514884e-02 5.368205e+00
7.726537e+03 2.669840e+02 8.600350e+02 9.268097e-01 4.982122e-01 -5.714035e-02 3.003624e-03 4.272863e+00
7.801555e+03 2.757179e+02 1.067394e+03 7.257547e-01 9.506902e-03 9.094751e-02 3.916150e-02 2.613528e+00
7.659240e+03 2.993087e+02 1.611435e+03 9.695483e-01 8.873906e-01 -1.712370e-01 -1.051200e-02 5.534614e+00
7.860723e+03 2.812387e+02 5.645943e+02 6.875552e-01 9.059803e-02 -1.086400e-01 -5.147222e-02 2.521437e+00
7.551246e+03 3.088835e+02 1.545200e+03 8.625838e-01 8.830304e-01 1.458059e-01 4.002247e-02 5.520776e+00
7.849337e+03 2.772996e+02 1.202874e+03 8.188400e-01 8.772191e-02 8.275003e-02 1.092788e-02 3.035213e+00
7.704239e+03 3.431872e+02 1.567710e+03 7.601271e-01 6.735499e-01 1.521182e-01 1.691481e-02 5.120930e+00
7.212589e+03 3.056492e+02 7.335248e+02 4.386626e-01 8.077126e-02 -4.803980e-02 4.287197e-02 3.313821e+00
7.944134e+03 3.011208e+02 1.653444e+03 7.398819e-01 7.746809e-01 1.029913e-01 -3.603998e-02 5.707522e+00
7.272124e+03 2.842606e+02 5.375303e+02 2.969909e-01 1.033884e-01 -1.708743e-01 4.082806e-02 2.748675e+00
7.305769e+03 2.612595e+02 6.203400e+02 9.123805e-01 3.657868e-01 8.663438e-04 -1.113903e-02 4.026231e+00
7.428817e+03 3.356400e+02 1.032918e+03 4.797732e-01 3.381139e-01 1.064519e-01 4.840035e-02 3.820872e+00
7.689845e+03 2.954187e+02 1.628162e+03 4.271118e-01 2.337757e-01 -7.375720e-02 1.062855e-02 4.555824e+00
7.384785e+03 2.952149e+02 1.396620e+03 2.863042e-01 1.758321e-01 1.803156e-02 1.207385e-02 4.916061e+00
7.530475e+03 2.832617e+02 1.286063e+03 9.970539e-01 1.330611e-01 2.877945e-02 2.343660e-02 3.081131e+00
7.735491e+03 3.231791e+02 1.069575e+03 3.879394e-01 5.975608e-02 1.422903e-01 -3.053420e-02 2.989403e+00
7.993689e+03 2.894076e+02 9.102386e+02 2.673767e-01 6.344206e-01 1.333325e-01 -4.323232e-02 4.518939e+00
7.872013e+03 2.914620e+02 1.273884e+03 1.369122e-01 3.233957e-01 -4.678288e-04 -2.549435e-03 5.901641e+00
7.407683e+03 2.683863e+02 7.531201e+02 2.306480e-01 4.736987e-01 8.312217e-03 5.132626e-02 4.577046e+00
7.444876e+03 2.662711e+02 1.404249e+03 7.501422e-01 3.409936e-01 5.909433e-02 3.673704e-02 4.270858e+00
7.775792e+03 3.329928e+02 1.474718e+03 2.776881e-01 9.578270e-01 8.738983e-02 -3.175125e-02 7.047357e+00
7.940024e+03 3.203296e+02 6.746174e+02 8.856628e-01 5.274473e-01 1.045303e-01 -2.980890e-02 3.568814e+00
7.965447e+03 3.398533e+02 1.061109e+03 2.692789e-01 9.134301e-01 4.516977e-02 3.468168e-03 7.139507e+00
7.305010e+03 2.520232e+02 1.109137e+03 4.015886e-01 4.132285e-01 -3.269000e-02 -6.572500e-03 5.526759e+00
7.362092e+03 3.394705e+02 1.594686e+03 8.220786e-01 3.882970e-01 -3.758270e-02 -2.658320e-02 4.930275e+00
7.473024e+03 2.872678e+02 1.486085e+03 6.501107e-01 1.644606e-01 1.256546e-01 -4.585629e-02 3.289046e+00
7.318905e+03 3.273904e+02 1.385232e+03 1.144063e-01 2.831948e-01 -1.339152e-01 -3.887919e-02 4.253434e+00
7.741297e+03 3.217736e+02 5.569726e+02 8.913317e-01 7.181424e-02 1.527105e-01 3.841618e-03 2.302463e+00
7.806812e+03 2.753761e+02 5.426529e+02 8.792722e-01 3.066951e-01 1.493895e-02 -4.107820e-02 3.208836e+00
7.913282e+03 3.053956e+02 9.928810e+02 1.875864e-01 7.865041e-01 -1.181445e-01 -1.268895e-02 5.668809e+00
7.339954e+03 2.844585e+02 9.212367e+02 6.534395e-01 8.098891e-01 1.960329e-02 4.907513e-02 5.527295e+00
7.967522e+03 3.210260e+02 6.431177e+02 1.802109e-01 9.655877e-01 9.695623e-02 3.315417e-03 5.834646e+00
7.459543e+03 2.504683e+02 9.002622e+02 9.715834e-02 4.931875e-01 -7.290883e-02 -3.751162e-02 4.914926e+00
7.359334e+03 2.601584e+02 9.896373e+02 3.793928e-01 4.100490e-01 1.081363e-01 4.795021e-02 4.128763e+00
7.612560e+03 3.241579e+02 5.599512e+02 3.261562e-01 6.100634e-01 -3.141390e-02 -2.238617e-02 5.083465e+00
7.289698e+03 2.933271e+02 1.434769e+03 1.996115e-01 5.873740e-01 4.167009e-02 -4.694054e-02 6.104619e+00
7.286371e+03 2.839553e+02 1.338688e+03 5.973426e-01 3.479969e-01 -6.319489e-02 -1.670635e-02 4.802206e+00
7.477918e+03 2.564847e+02 6.519911e+02 2.026095e-02 5.748874e-01 -9.281520e-02 -8.991221e-03 5.038134e+00
7.503799e+03 3.335971e+02 9.806411e+02 1.503270e-01 7.718281e-01 -8.941742e-02 -3.628989e-02 5.737922e+00
7.989399e+03 2.685860e+02 1.111279e+03 6.712465e-01 6.855939e-01 -2.218387e-02 -3.703057e-02 5.462389e+00
7.798948e+03 3.256936e+02 1.438113e+03 3.007523e-01 4.642083e-01 -9.716285e-02 4.827354e-02 4.742203e+00
7.496303e+03 3.418367e+02 1.573516e+03 6.088355e-01 4.201759e-01 -8.026763e-02 -3.947850e-03 5.219913e+00
7.430976e+03 3.130339e+02 1.263013e+03 4.810524e-01 6.507549e-01 -6.874527e-02 -6.821799e-03 6.104017e+00
7.436951e+03 2.659775e+02 9.787778e+02 8.899945e-01 5.382088e-01 -1.429650e-01 1.320426e-02 3.968909e+00
7.969427e+03 2.513913e+02 1.554191e+03 6.763090e-02 1.763670e-01 1.734912e-01 1.589429e-02 3.780124e+00
7.325618e+03 3.437418e+02 9.979827e+02 3.584416e-02 8.163627e-01 7.605894e-02 4.097115e-02 6.110390e+00
7.225903e+03 3.242257e+02 9.541736e+02 4.086531e-01 7.200985e-01 1.169194e-01 -3.430652e-02 5.208789e+00
7.200898e+03 3.358716e+02 1.499850e+03 6.608016e-01 5.040136e-01 -2.922543e-02 1.218230e-02 6.051130e+00
7.808275e+03 3.005628e+02 1.697648e+03 5.138696e-01 5.064651e-01 -1.328125e-01 1.982211e-02 4.992731e+00
7.619618e+03 2.609048e+02 1.282872e+03 1.972564e-01 2.106595e-01 6.889666e-03 2.274999e-02 4.839913e+00
7.834099e+03 2.595293e+02 1.576937e+03 3.040932e-01 9.944939e-01 1.165431e-01 -2.874428e-02 6.990554e+00
7.389134e+03 2.699937e+02 5.181045e+02 7.835605e-01 9.691508e-01 9.753939e-03 2.012927e-02 5.624297e+00
7.207715e+03 3.331882e+02 1.250576e+03 6.568032e-01 6.584169e-01 1.563361e-01 5.132822e-03 5.148950e+00
7.481041e+03 2.633814e+02 8.169164e+02 3.590093e-01 3.848548e-01 -1.003811e-01 5.217808e-02 3.846785e+00
7.949606e+03 3.404647e+02 9.331553e+02 8.533585e-01 9.703655e-01 -4.654642e-02 3.597715e-02 5.635329e+00
7.766995e+03 3.221131e+02 1.132702e+03 1.252884e-01 5.403727e-01 -6.082393e-02 4.452537e-02 5.214902e+00
7.590631e+03 3.161304e+02 1.357859e+03 4.516728e-01 5.773481e-01 -9.034219e-02 2.207831e-02 5.424077e+00
7.724365e+03 3.098433e+02 1.077308e+03 1.610221e-01 9.622168e-01 -2.158075e-02 -4.995069e-02 6.709407e+00
7.709575e+03 2.736775e+02 1.278688e+03 8.006122e-01 3.729592e-01 -1.607319e-01 6.087506e-03 3.732667e+00
7.524511e+03 3.095054e+02 1.364222e+03 1.382950e-01 4.067882e-01 8.893736e-02 -1.582535e-02 5.242801e+00
7.270520e+03 2.500734e+02 1.533409e+03 8.904318e-02 8.541686e-01 -8.547515e-02 4.950725e-02 6.846120e+00
7.991061e+03 3.488298e+02 1.157220e+03 1.429515e-01 4.819851e-01 -1.634666e-01 2.641887e-02 4.398579e+00
7.747822e+03 2.534307e+02 5.099432e+02 7.458299e-01 6.944811e-01 -5.634717e-02 -5.012650e-02 4.080727e+00
7.995331e+03 3.179286e+02 1.224985e+03 1.729483e-01 9.368269e-01 3.948962e-03 -1.241229e-02 8.045471e+00
7.378427e+03 3.295007e+02 1.492882e+03 9.631353e-01 1.905916e-01 6.403598e-02 2.523762e-02 3.378510e+00
7.616837e+03 3.237479e+02 1.296390e+03 7.427246e-01 2.161877e-01 3.016295e-03 6.527286e-03 4.527313e+00
7.674183e+03 2.526655e+02 1.409139e+03 9.361148e-01 9.471209e-01 -1.134096e-01 -2.562962e-02 5.859872e+00
7.866775e+03 3.133076e+02 1.087676e+03 7.550068e-01 6.887674e-01 -2.085783e-02 3.540166e-02 5.342694e+00
7.382664e+03 3.158912e+02 1.191687e+03 9.388821e-01 7.105891e-01 -4.952334e-02 -5.055871e-02 5.058207e+00
7.262944e+03 2.928779e+02 1.487342e+03 2.555955e-01 3.092183e-01 -7.505706e-02 2.143939e-02 4.966469e+00
7.324701e+03 3.479503e+02 1.466549e+03 2.231060e-01 1.888337e-01 -8.105336e-02 2.159432e-02 4.411656e+00
7.594249e+03 2.702227e+02 1.309475e+03 8.490693e-01 4.896931e-01 -1.853547e-02 5.529962e-03 5.425344e+00
7.982955e+03 3.097849e+02 7.315709e+02 9.832882e-01 8.952109e-01 -1.497713e-01 -2.341868e-02 4.170231e+00
7.936242e+03 3.323593e+02 8.409724e+02 8.441762e-01 5.084322e-01 4.517978e-03 -3.489980e-03 4.991947e+00
7.360335e+03 3.396230e+02 6.549611e+02 5.722094e-01 4.541549e-01 -4.311118e-02 -1.930207e-02 4.527826e+00
7.268688e+03 3.314958e+02 1.642536e+03 6.661700e-01 4.821190e-02 -3.311106e-02 4.872914e-03 3.905040e+00
7.351982e+03 2.964065e+02 1.464464e+03 2.158631e-01 6.014695e-01 1.154412e-02 7.666873e-03 7.370187e+00
7.564954e+03 3.249205e+02 1.144880e+03 9.401188e-01 7.354084e-02 5.646326e-02 -3.315922e-02 2.752502e+00
7.341962e+03 3.015532e+02 1.010645e+03 4.470420e-01 4.255536e-01 -3.440683e-02 -3.376164e-02 4.946875e+00
7.765162e+03 3.435476e+02 1.266543e+03 8.562542e-01 9.105741e-01 1.585036e-01 -2.740253e-02 5.269431e+00
7.865137e+03 3.147339e+02 5.016052e+02 4.350530e-01 9.796908e-01 1.405696e-01 4.325397e-02 4.467199e+00
7.254106e+03 3.149428e+02 8.217450e+02 5.423292e-02 2.067392e-01 -1.492260e-01 2.753591e-02 3.598429e+00
7.632268e+03 3.305829e+02 1.045033e+03 4.595192e-01 1.172382e-01 2.849257e-02 -3.905215e-02 3.692801e+00
7.653864e+03 2.635364e+02 1.672644e+03 5.581742e-01 7.641782e-01 -6.363612e-02 2.457332e-03 7.093153e+00
7.235207e+03 2.622247e+02 7.861620e+02 2.517685e-01 3.053004e-01 -7.594271e-02 -3.757447e-03 4.485710e+00
7.816212e+03 3.144046e+02 6.021799e+02 6.644316e-01 7.660893e-01 1.223071e-01 9.268885e-03 4.468448e+00
7.328711e+03 3.452077e+02 9.753948e+02 3.415183e-01 5.182587e-01 -1.662605e-01 3.639769e-02 4.227866e+00
7.694593e+03 2.654206e+02 6.959594e+02 9.211382e-01 5.990613e-01 -8.422546e-02 3.744108e-03 4.155720e+00
7.487916e+03 2.515164e+02 9.318528e+02 5.949951e-01 4.456423e-01 -1.049281e-01 -4.236574e-02 4.018310e+00
7.527671e+03 2.547166e+02 6.400329e+02 6.825149e-01 2.228155e-01 8.667021e-02 -5.083483e-02 3.048483e+00
7.246908e+03 3.403454e+02 6.271385e+02 3.815763e-01 6.743527e-01 1.372520e-01 3.404454e-02 4.374455e+00
7.488340e+03 3.187313e+02 1.389254e+03 5.326018e-01 2.745750e-01 -5.280515e-02 3.735761e-02 4.318345e+00
7.825388e+03 2.574247e+02 1.269169e+03 1.682856e-01 5.469944e-01 1.267256e-01 -5.163968e-02 4.710657e+00
7.511945e+03 3.427323e+02 9.411167e+02 1.718863e-02 7.536370e-01 1.572203e-01 -3.497259e-02 5.156204e+00
7.755154e+03 2.603117e+02 1.163644e+03 1.928275e-01 1.663849e-01 -1.291065e-01 -1.417528e-02 3.782759e+00
7.439436e+03 2.502786e+02 7.726475e+02 8.683837e-01 7.827929e-01 -8.911860e-02 3.073776e-02 4.634534e+00
7.493318e+03 2.791416e+02 1.018187e+03 6.486516e-01 4.190564e-01 -9.525563e-02 -3.173232e-03 4.423082e+00
7.615279e+03 2.670229e+02 1.181753e+03 9.912787e-01 8.963546e-01 1.274984e-01 2.660383e-02 5.056607e+00
7.884495e+03 2.948238e+02 1.696867e+03 3.626090e-02 4.365886e-01 -8.734797e-03 -4.766240e-02 5.692093e+00
7.850910e+03 3.363462e+02 7.240927e+02 8.757456e-01 8.674827e-01 1.955930e-03 -5.656161e-03 5.975968e+00
7.838043e+03 2.921479e+02 6.582067e+02 4.494311e-01 6.972507e-01 -1.721405e-01 4.508824e-02 3.944548e+00
7.863744e+03 2.822988e+02 1.021945e+03 4.909672e-01 7.817918e-01 1.019016e-01 -3.962028e-02 5.179425e+00
7.880436e+03 3.343675e+02 7.001586e+02 7.683877e-01 8.302829e-01 -1.679182e-01 3.997582e-02 4.061903e+00
7.755942e+03 2.552020e+02 1.173708e+03 3.577450e-01 7.649353e-02 3.120167e-02 -1.597915e-02 4.025222e+00
7.979122e+03 2.697871e+02 5.195791e+02 3.246379e-01 3.034347e-01 -5.943109e-02 -2.602360e-02 3.862619e+00
7.696342e+03 2.973749e+02 1.323392e+03 7.263348e-01 7.468121e-01 -4.494148e-02 4.812804e-02 5.629713e+00
7.406065e+03 3.196622e+02 1.327711e+03 2.523779e-01 3.286963e-02 -3.420137e-02 1.919104e-02 3.997479e+00
7.870466e+03 2.631483e+02 8.049228e+02 8.975606e-01 3.905336e-01 -1.465869e-01 3.314843e-02 3.066583e+00
7.881600e+03 2.620436e+02 8.488998e+02 6.785749e-01 7.427604e-01 1.289448e-01 -2.193486e-02 4.612583e+00
7.665173e+03 2.818906e+02 8.864003e+02 7.062206e-01 3.814833e-02 1.196928e-01 6.441213e-03 2.791021e+00
7.259013e+03 2.809260e+02 1.562058e+03 9.321554e-01 2.479599e-01 1.602873e-01 -9.255286e-03 3.343651e+00
7.204830e+03 2.705664e+02 1.528527e+03 9.870080e-01 8.801799e-02 -9.947806e-03 -1.773828e-02 3.297885e+00
7.331987e+03 2.726389e+02 1.363810e+03 7.501464e-02 2.622587e-01 9.465387e-02 -5.204721e-02 4.310292e+00
7.809992e+03 2.792707e+02 1.186290e+03 5.492245e-01 6.993409e-02 1.233824e-01 5.074886e-02 2.835192e+00
7.495379e+03 3.298512e+02 5.891138e+02 9.795955e-01 3.583130e-01 -9.423400e-02 -1.509515e-02 3.145121e+00
7.245489e+03 2.516318e+02 7.981153e+02 7.173355e-01 8.333489e-02 4.803386e-02 2.974081e-04 3.379885e+00
7.886049e+03 3.031479e+02 1.432548e+03 5.766197e-01 5.088610e-02 -4.392900e-02 3.262148e-02 3.417301e+00
7.223271e+03 2.956051e+02 1.042775e+03 3.921386e-01 1.597071e-01 -1.350766e-01 1.268964e-02 3.542782e+00
7.610425e+03 2.889490e+02 1.402121e+03 3.618524e-01 5.767161e-02 -6.609763e-02 2.323682e-02 3.684123e+00
7.693135e+03 3.110407e+02 8.855700e+02 4.220240e-01 3.207513e-01 -1.573569e-01 1.310556e-02 3.650274e+00
7.648538e+03 2.912080e+02 1.287762e+03 1.650544e-01 6.982426e-01 -1.457881e-01 3.656647e-02 5.332787e+00
7.921218e+03 3.086901e+02 5.803632e+02 7.031195e-01 8.503273e-01 1.479974e-01 1.441932e-02 4.320074e+00
7.900059e+03 3.061347e+02 9.703817e+02 3.158897e-01 7.132800e-01 -7.144926e-03 -1.424854e-02 6.508848e+00
7.392911e+03 3.463630e+02 1.247983e+03 4.645938e-01 8.152512e-01 -1.628654e-01 -1.303114e-02 5.711333e+00
7.442805e+03 3.033528e+02 1.001596e+03 6.693389e-01 1.307531e-01 7.194010e-02 -3.276955e-02 3.287098e+00
7.287334e+03 2.598331e+02 1.422565e+03 6.115033e-01 5.538500e-02 -6.680872e-02 4.884851e-02 3.201793e+00
7.575706e+03 2.549208e+02 1.330678e+03 7.008099e-01 3.007654e-01 1.257493e-01 2.830548e-02 3.724946e+00
7.822558e+03 2.994787e+02 1.553047e+03 8.341285e-01 8.474781e-01 1.742029e-01 -2.502197e-02 5.333698e+00
7.868432e+03 3.369179e+02 1.461392e+03 5.241668e-01 6.863235e-01 4.892088e-02 -4.652087e-02 5.831213e+00
7.297650e+03 3.041427e+02 8.020398e+02 1.184489e-01 2.612551e-01 -2.448226e-02 -3.675005e-02 4.450704e+00
7.985704e+03 2.900378e+02 6.875072e+02 5.045863e-01 5.855850e-01 3.357131e-02 2.104650e-03 5.181453e+00
7.795436e+03 3.141791e+02 1.625306e+03 2.724758e-04 3.662602e-01 1.353739e-02 4.408609e-02 5.390050e+00
7.638151e+03 2.962361e+02 7.935129e+02 4.327661e-02 3.574081e-01 5.057548e-02 -2.595372e-02 4.743151e+00
7.784418e+03 2.525245e+02 9.418887e+02 7.228869e-01 9.769453e-01 -1.538864e-01 2.597692e-02 5.136348e+00
7.897886e+03 2.854096e+02 1.538170e+03 3.108041e-01 8.004811e-01 -6.221569e-02 4.218258e-02 6.469897e+00
7.547083e+03 2.576243e+02 5.248238e+02 2.819388e-01 5.621320e-01 6.190296e-03 -1.557178e-02 5.258596e+00
7.924914e+03 3.036927e+02 1.346970e+03 9.282773e-01 6.669835e-01 -1.431462e-01 1.132349e-02 4.589267e+00
7.422278e+03 2.593585e+02 1.392752e+03 8.262023e-01 3.620613e-01 1.215659e-01 1.490698e-02 4.003368e+00
7.901965e+03 3.173213e+02 1.124728e+03 2.708802e-01 2.668066e-01 1.715950e-01 2.008713e-02 3.663311e+00
7.560153e+03 2.858169e+02 5.826399e+02 5.346864e-01 4.538570e-01 8.496557e-02 3.026221e-02 3.898652e+00
7.821097e+03 3.223489e+02 9.159422e+02 9.426825e-01 5.031735e-01 6.601155e-02 2.469702e-02 3.977534e+00
7.491041e+03 3.101543e+02 1.196214e+03 6.127098e-01 8.710244e-01 1.156492e-01 -2.375843e-02 5.914223e+00
7.858276e+03 3.350813e+02 7.439372e+02 7.327303e-01 9.022004e-01 -1.543535e-01 -2.668934e-02 4.605374e+00
7.425627e+03 3.420984e+02 1.563787e+03 3.370264e-01 4.793275e-01 -1.969073e-02 -3.728752e-02 5.852654e+00
7.861074e+03 2.970783e+02 1.655205e+03 4.775289e-01 2.187551e-01 -9.211082e-02 1.113138e-03 4.363270e+00
7.926605e+03 3.084813e+02 6.150785e+02 9.501886e-01 3.197532e-01 1.139323e-01 5.205503e-02 2.641114e+00
7.550350e+03 2.528183e+02 1.139250e+03 7.115305e-01 6.924911e-01 -2.294285e-03 -2.859396e-02 5.894994e+00
7.832055e+03 3.055142e+02 1.680112e+03 9.471375e-02 5.514284e-01 -3.692214e-02 2.811262e-02 6.451378e+00
7.680165e+03 3.283515e+02 1.662461e+03 7.907917e-01 4.672345e-01 1.323183e-01 3.800647e-02 4.302379e+00
7.698756e+03 3.252299e+02 1.129061e+03 6.918176e-01 8.030875e-01 8.979599e-02 3.379830e-02 5.413407e+00
7.212996e+03 2.974609e+02 1.255125e+03 2.400639e-01 5.978545e-01 1.657729e-01 -1.321627e-02 5.197585e+00
7.301127e+03 3.409946e+02 1.520881e+03 3.357402e-01 1.260836e-01 7.387370e-02 -4.076860e-02 3.920655e+00
7.956635e+03 3.063472e+02 9.647781e+02 6.008475e-01 5.343325e-01 -7.950815e-02 1.412757e-02 4.663911e+00
7.794551e+03 3.045499e+02 6.711190e+02 6.221866e-01 9.407168e-01 8.397364e-02 4.635904e-02 4.924600e+00
7.273868e+03 3.290244e+02 5.482570e+02 4.752410e-01 8.905019e-01 7.810197e-02 -1.170315e-02 5.457986e+00
7.408938e+03 2.881979e+02 1.687414e+03 1.105369e-01 6.274192e-01 -1.537885e-02 -1.465377e-02 7.754666e+00
7.625065e+03 3.263856e+02 6.646715e+02 7.529457e-01 4.700879e-01 -1.237640e-01 5.096116e-02 3.374242e+00
7.811871e+03 2.750594e+02 1.426976e+03 8.329000e-02 9.060107e-01 -1.399775e-01 1.560793e-02 6.568022e+00
7.577117e+03 3.164225e+02 9.872589e+02 6.319105e-01 8.271696e-01 1.438464e-01 -1.815875e-02 5.195335e+00
7.537843e+03 3.093839e+02 1.666520e+03 4.108943e-01 8.214304e-01 -5.737457e-02 -2.961550e-03 7.763994e+00
7.520923e+03 3.284051e+02 8.951085e+02 2.277710e-01 1.189300e-01 -1.309000e-01 8.342447e-03 3.481640e+00
7.788436e+03 3.383674e+02 5.977441e+02 8.576367e-02 2.125318e-01 -1.529000e-01 2.507743e-02 3.325618e+00
7.613789e+03 2.828411e+02 9.612654e+02 6.840712e-01 1.433168e-01 -1.234061e-01 -4.013348e-03 3.184440e+00
7.667189e+03 2.569176e+02 1.495315e+03 1.084580e-01 9.997548e-01 -1.377218e-01 -4.003507e-02 6.748325e+00
7.915682e+03 3.274304e+02 7.787928e+02 2.320842e-01 8.186054e-01 9.307343e-02 2.630729e-02 5.365804e+00
7.427231e+03 2.557575e+02 1.104689e+03 5.025185e-01 6.166831e-01 1.056451e-01 2.720243e-03 5.373568e+00
7.972345e+03 3.276959e+02 9.581513e+02 5.994256e-01 9.313812e-01 1.086265e-01 3.361888e-02 5.351022e+00
7.959037e+03 2.733141e+02 1.590118e+03 3.496201e-01 9.972823e-02 -1.020424e-01 -2.932764e-02 3.606294e+00
7.536910e+03 3.191414e+02 1.589355e+03 7.677466e-01 8.744514e-01 -2.516127e-02 2.998987e-02 7.211541e+00
7.400499e+03 2.691458e+02 1.292163e+03 4.576845e-01 6.320691e-01 3.445778e-02 8.390183e-04 6.665051e+00
7.254893e+03 2.767631e+02 1.482233e+03 7.198091e-01 4.672794e-02 -1.470167e-01 1.744559e-02 2.888085e+00
7.839547e+03 2.749133e+02 1.689464e+03 4.248192e-01 6.763948e-01 -9.696656e-02 -1.187397e-02 6.274450e+00
7.633662e+03 3.117387e+02 6.309719e+02 2.469105e-01 6.094521e-02 -4.824730e-03 -3.852451e-02 3.516047e+00
7.541513e+03 3.124809e+02 1.058058e+03 1.776092e-01 6.639668e-01 -1.220232e-01 -3.574438e-02 5.166139e+00
7.504222e+03 2.676817e+02 1.497081e+03 6.817928e-01 8.604277e-01 2.242566e-02 -2.088161e-02 7.478121e+00
7.474352e+03 3.113342e+02 1.097318e+03 9.529800e-01 2.515677e-02 6.791171e-02 -2.106252e-02 2.557138e+00
7.365646e+03 2.876066e+02 7.397415e+02 4.916312e-02 7.167166e-01 1.359104e-01 -1.919333e-02 5.104432e+00
7.519446e+03 3.348431e+02 1.137820e+03 2.747634e-01 4.071366e-02 1.568338e-01 4.980912e-02 2.882411e+00
7.620947e+03 3.482955e+02 5.929797e+02 5.931948e-01 1.823937e-01 -4.604009e-02 1.945697e-02 3.510427e+00
7.423314e+03 2.618060e+02 1.030340e+03 1.741471e-01 5.122972e-01 2.589985e-02 1.761658e-02 5.890096e+00
7.280585e+03 3.150088e+02 1.189800e+03 8.396822e-01 4.454193e-02 1.727370e-01 -7.324836e-03 2.531111e+00
7.891592e+03 2.811815e+02 9.295047e+02 8.583180e-01 2.341535e-01 -1.405822e-02 3.488770e-02 3.411754e+00
7.887480e+03 2.647701e+02 6.457417e+02 5.391391e-01 8.697298e-01 2.758224e-02 -6.266114e-03 6.005592e+00
7.781810e+03 2.672475e+02 1.252818e+03 4.209609e-01 3.436701e-01 -8.646843e-02 -3.599039e-02 4.291142e+00
7.829462e+03 3.307316e+02 6.829725e+02 3.743628e-01 2.514477e-01 1.210013e-01 -7.939031e-03 3.609740e+00
7.791937e+03 3.355527e+02 5.513255e+02 7.703787e-02 1.413385e-01 -1.317770e-01 1.465543e-02 3.355754e+00
7.772988e+03 3.470391e+02 1.099407e+03 7.083025e-01 2.534169e-01 -3.056242e-02 4.722683e-02 3.699378e+00
7.533180e+03 2.625682e+02 1.141597e+03 7.059914e-01 1.460187e-01 1.038337e-01 -1.002553e-02 3.367355e+00
7.793203e+03 3.332622e+02 1.355462e+03 8.117302e-01 4.160206e-01 -1.107085e-01 -2.795141e-02 4.062499e+00
7.267191e+03 3.341534e+02 1.650577e+03 3.988730e-02 5.157073e-01 1.316564e-01 1.088662e-02 5.816287e+00
7.644356e+03 3.016016e+02 1.271008e+03 4.611886e-01 4.624667e-01 -1.322535e-01 2.303021e-02 4.507565e+00
7.740674e+03 2.709177e+02 1.580367e+03 1.852115e-01 4.953949e-01 -9.291932e-02 2.369746e-02 5.499818e+00
7.251561e+03 3.134742e+02 7.097054e+02 8.020154e-01 4.149825e-01 6.648426e-02 1.509822e-02 3.991838e+00
7.499298e+03 2.666433e+02 6.079236e+02 9.556943e-01 4.777298e-01 1.386438e-01 3.563604e-02 3.071768e+00
7.578239e+03 2.959479e+02 1.004484e+03 7.415913e-01 1.048833e-01 8.624363e-02 2.132798e-02 3.065464e+00
7.513082e+03 2.550472e+02 1.683128e+03 4.141576e-01 3.960100e-01 -1.122014e-01 -9.599744e-03 5.122377e+00
7.992614e+03 2.652000e+02 1.348674e+03 6.472668e-01 4.260943e-01 1.695406e-01 -2.821482e-02 3.883931e+00
7.679920e+03 2.689448e+02 1.416260e+03 9.667695e-01 3.781931e-01 1.099753e-02 -4.713042e-02 3.947621e+00
7.502213e+03 2.740761e+02 1.227784e+03 8.924518e-01 4.339143e-01 1.677565e-01 -3.710378e-02 3.538801e+00
7.210682e+03 3.389085e+02 1.298717e+03 1.485142e-01 4.317845e-01 7.063261e-02 5.763453e-03 5.698997e+00
7.237320e+03 2.572932e+02 1.031518e+03 3.359489e-02 2.048866e-01 9.951422e-02 -4.473990e-02 3.954123e+00
7.314103e+03 2.545435e+02 1.181482e+03 4.139612e-01 2.033254e-01 -1.091699e-01 -3.096456e-02 3.765468e+00
7.434333e+03 3.475167e+02 7.401067e+02 3.905807e-01 5.324138e-01 4.657572e-02 4.566837e-02 4.638221e+00
7.656202e+03 3.200727e+02 1.676335e+03 3.775135e-01 2.774251e-01 -1.057227e-02 4.264427e-02 4.771185e+00
7.903251e+03 2.607457e+02 1.222323e+03 6.405000e-01 7.976702e-01 -1.163882e-01 -2.210041e-02 5.479751e+00
7.224555e+03 2.803848e+02 9.042540e+02 6.154736e-01 9.804898e-01 -7.770402e-02 -2.470229e-02 6.260331e+00
7.743499e+03 2.591135e+02 1.334132e+03 9.010930e-01 8.254077e-01 -5.452088e-02 -2.390045e-03 6.297901e+00
7.394498e+03 2.597518e+02 7.642981e+02 5.815983e-01 9.653857e-02 -1.008302e-01 -3.306130e-02 2.985051e+00
7.587205e+03 3.400758e+02 1.102215e+03 1.447108e-01 7.034822e-01 1.389941e-01 -7.726087e-03 5.570917e+00
7.598112e+03 2.916349e+02 8.707022e+02 7.576488e-03 8.651392e-01 -5.555856e-02 4.681441e-02 6.037801e+00
7.640050e+03 3.278398e+02 1.260772e+03 5.573041e-01 1.804104e-01 -1.281706e-02 -3.788022e-02 3.984416e+00
7.687695e+03 2.911452e+02 6.928977e+02 3.305793e-01 8.782537e-01 -2.612842e-02 4.112022e-02 5.690280e+00
7.505845e+03 3.337595e+02 1.549746e+03 1.162517e-01 4.054114e-01 7.848436e-02 -5.719086e-04 5.761239e+00
7.491333e+03 2.716359e+02 8.977272e+02 7.879883e-01 6.487106e-02 2.172724e-02 -2.904294e-02 3.144145e+00
7.783162e+03 2.942219e+02 6.229485e+02 1.627096e-01 8.535429e-01 -1.482316e-01 -1.139642e-02 5.001038e+00
7.221351e+03 2.853836e+02 1.543517e+03 3.534716e-01 8.101587e-01 7.436870e-02 -4.662777e-03 7.531578e+00
7.453856e+03 2.506665e+02 1.218332e+03 3.667953e-01 2.658916e-01 -2.818290e-02 3.308414e-02 4.618534e+00
7.750113e+03 3.025725e+02 1.369909e+03 6.743618e-01 7.141089e-01 -8.857575e-02 -4.811933e-02 5.266668e+00
7.840921e+03 2.645203e+02 1.508909e+03 4.714368e-01 9.333154e-01 1.469493e-01 -4.561794e-02 5.938648e+00
7.688346e+03 2.730036e+02 9.951495e+02 1.031553e-01 3.375956e-01 8.708440e-03 3.513009e-02 4.830765e+00
7.842533e+03 2.774292e+02 7.022270e+02 3.891022e-01 7.408347e-01 -1.302337e-01 -3.520538e-02 4.544570e+00
7.556131e+03 2.979206e+02 1.503930e+03 2.090342e-01 2.554754e-01 1.345910e-01 -3.547881e-02 4.107713e+00
7.558491e+03 3.477771e+02 1.024986e+03 3.728726e-01 9.292125e-01 1.553587e-01 -1.368615e-02 5.798471e+00
7.219824e+03 3.214473e+02 5.702081e+02 9.106420e-01 6.238497e-02 7.311434e-02 8.694125e-03 2.659326e+00
7.733247e+03 3.267501e+02 8.720912e+02 3.826334e-01 6.281416e-01 -1.252307e-01 -1.725545e-02 4.776835e+00
7.779268e+03 3.448661e+02 6.043721e+02 8.164402e-01 6.688310e-01 -1.654444e-01 -4.145778e-02 3.549048e+00
7.238791e+03 3.107757e+02 1.446421e+03 8.043629e-02 8.051390e-01 -1.146447e-01 2.943345e-02 6.598997e+00
7.579313e+03 2.761096e+02 1.188509e+03 3.329916e-01 1.092878e-01 -5.081025e-02 -2.742849e-03 4.173730e+00
7.758244e+03 3.204122e+02 5.648773e+02 8.860094e-01 7.246082e-01 -1.045441e-01 1.793943e-02 4.036810e+00
7.753486e+03 2.945779e+02 1.472995e+03 7.217754e-01 2.932589e-01 -6.933824e-02 1.675103e-02 4.236510e+00
7.998662e+03 3.074314e+02 8.088463e+02 9.023530e-01 5.659507e-01 1.191089e-01 3.099208e-02 3.658545e+00
7.413292e+03 2.763021e+02 1.558292e+03 7.890327e-01 8.725693e-01 1.090718e-01 -1.491466e-02 6.444164e+00
7.303048e+03 3.071788e+02 9.371359e+02 4.374155e-01 8.984465e-01 -1.127640e-02 -1.748086e-03 7.595993e+00
7.655312e+03 3.008895e+02 1.481321e+03 3.028003e-01 3.135230e-02 1.025216e-01 3.788729e-02 3.295104e+00
7.410348e+03 3.247220e+02 1.120670e+03 9.579320e-01 2.867053e-01 -7.057755e-02 -7.349844e-03 3.687879e+00
7.941158e+03 3.163903e+02 5.883138e+02 5.076791e-01 3.247496e-01 1.622458e-01 6.869728e-03 3.305060e+00
7.869396e+03 3.076901e+02 8.832282e+02 5.878684e-01 2.203816e-01 1.876228e-02 -5.042951e-02 3.551211e+00
7.728154e+03 2.946378e+02 1.152676e+03 7.721423e-01 3.138596e-01 1.920472e-02 -2.449136e-02 4.351394e+00
7.942690e+03 2.883026e+02 7.501904e+02 2.834487e-01 9.833297e-01 1.117945e-01 -8.058229e-03 5.812917e+00
7.896115e+03 3.123848e+02 6.593119e+02 5.237049e-01 5.619214e-01 9.713704e-02 2.772176e-02 4.159251e+00
7.729616e+03 3.064129e+02 1.586176e+03 8.079429e-01 4.586203e-01 -3.807993e-02 -1.007261e-02 5.334404e+00
7.744893e+03 3.410871e+02 1.571980e+03 5.471375e-01 8.419185e-02 -1.188821e-01 -4.502050e-02 3.153482e+00
7.663564e+03 3.189456e+02 1.658869e+03 8.732342e-01 5.914653e-01 1.489608e-01 8.977450e-03 4.836169e+00
7.356036e+03 2.617909e+02 1.159265e+03 7.586528e-01 1.810064e-02 -1.939498e-02 3.182848e-02 3.075136e+00
7.335300e+03 2.976653e+02 7.575367e+02 5.693247e-01 1.231110e-01 -1.031498e-01 -2.711050e-02 3.122060e+00
7.976788e+03 2.794025e+02 1.616735e+03 4.074598e-01 1.572553e-01 1.202890e-01 1.802864e-02 3.753589e+00
7.291413e+03 3.250179e+02 1.470997e+03 5.288535e-01 6.786470e-01 -1.273891e-01 -3.014667e-02 5.589936e+00
7.979252e+03 2.615670e+02 1.148487e+03 8.952139e-01 5.564289e-01 -6.463774e-02 -1.963754e-02 4.574955e+00
7.686351e+03 2.804347e+02 5.438561e+02 8.123450e-01 6.232011e-01 -9.589228e-02 -9.301797e-04 4.108719e+00
7.333634e+03 3.289752e+02 8.796767e+02 9.155534e-01 7.999971e-02 -1.356819e-01 -4.284568e-02 2.342821e+00
7.996995e+03 2.747368e+02 6.356836e+02 9.596697e-01 1.793397e-01 -1.443330e-01 -4.891445e-02 2.235720e+00
7.910439e+03 2.820426e+02 7.049261e+02 7.767053e-01 2.612817e-02 6.963751e-02 -9.819070e-03 2.789051e+00
7.731510e+03 2.725661e+02 1.235196e+03 7.377028e-01 6.415187e-01 1.137158e-01 -1.888325e-02 4.956162e+00
7.498211e+03 3.129383e+02 1.517026e+03 6.581635e-01 4.572008e-01 -3.157483e-02 -4.061286e-02 5.189016e+00
7.399761e+03 3.439939e+02 5.619049e+02 3.361372e-03 7.075536e-01 -1.524352e-01 -4.226070e-02 4.398826e+00
7.918849e+03 3.013223e+02 6.327741e+02 7.309404e-01 2.804123e-01 1.179696e-01 -1.402616e-02 3.192318e+00
7.461819e+03 3.261113e+02 1.207026e+03 6.424265e-01 1.494964e-02 8.338878e-02 -1.091963e-02 3.132492e+00
7.658435e+03 2.841421e+02 1.083057e+03 9.766184e-01 8.357852e-01 -1.507804e-01 -2.842799e-02 4.612321e+00
7.789563e+03 3.049462e+02 8.101476e+02 6.435525e-02 1.619486e-03 1.529909e-01 2.483195e-02 2.942936e+00
7.584003e+03 3.386696e+02 6.377433e+02 7.858392e-02 1.749256e-02 -6.938602e-03 -1.295747e-02 4.028138e+00
7.391535e+03 2.692062e+02 1.169798e+03 9.256622e-01 7.518049e-01 1.704823e-01 2.963211e-02 4.510168e+00
7.545271e+03 2.862726e+02 8.898214e+02 2.135278e-01 6.648061e-01 -9.859299e-02 4.298071e-02 4.951966e+00
7.371776e+03 3.156571e+02 1.372563e+03 9.301806e-02 1.245940e-02 7.028250e-02 1.723281e-02 3.836733e+00
7.907000e+03 2.639030e+02 1.512286e+03 3.285477e-01 3.177890e-01 -7.155711e-02 -1.548417e-02 4.864838e+00
7.852716e+03 2.678051e+02 1.619032e+03 7.847670e-01 9.219188e-01 -7.447826e-02 2.405098e-02 6.686292e+00
7.671235e+03 2.857159e+02 1.361440e+03 1.291314e-01 1.386125e-01 -1.521460e-01 2.182583e-02 3.640012e+00
7.630664e+03 2.664998e+02 1.167252e+03 3.683531e-01 6.188968e-01 -2.781561e-02 -4.929552e-02 5.493487e+00
7.458630e+03 2.986068e+02 1.080758e+03 5.644578e-01 2.852885e-01 7.656695e-02 3.749546e-02 3.894439e+00
7.672437e+03 2.831978e+02 1.051095e+03 2.998557e-01 4.500952e-01 2.078707e-02 -4.952587e-02 4.810600e+00
7.292923e+03 2.561355e+02 8.160220e+02 4.484480e-02 2.432128e-01 -1.067058e-01 4.701698e-02 3.766394e+00
7.931413e+03 2.923978e+02 1.216040e+03 3.036627e-02 2.793212e-01 8.524656e-02 -1.371047e-03 4.779766e+00
7.819405e+03 2.636792e+02 1.377784e+03 2.939302e-01 2.019919e-01 5.984174e-02 -4.308588e-02 4.102030e+00
7.381687e+03 2.580346e+02 1.245660e+03 7.477528e-01 2.085881e-01 -1.556362e-01 5.117812e-02 3.004504e+00
7.440700e+03 2.776867e+02 1.627792e+03 3.228183e-01 9.050862e-01 -5.819373e-02 -4.834808e-02 7.284913e+00
7.317646e+03 3.068705e+02 7.952434e+02 2.568295e-01 7.897622e-01 3.692077e-02 -3.440418e-02 6.025149e+00
7.639421e+03 3.181917e+02 1.020290e+03 7.134856e-01 1.538300e-01 -6.745448e-02 -2.543258e-02 3.395965e+00
7.283653e+03 2.867504e+02 9.123123e+02 1.827007e-01 1.505881e-01 1.460092e-02 4.052032e-02 4.017909e+00
7.924233e+03 2.940357e+02 1.265391e+03 8.460790e-01 7.362092e-01 -2.284570e-02 1.879372e-02 5.952063e+00
7.676058e+03 2.532147e+02 6.184794e+02 5.018188e-01 1.853368e-01 1.544096e-01 -4.024382e-02 2.860706e+00
7.562661e+03 2.563767e+02 9.151634e+02 2.165775e-01 6.088655e-01 -3.616447e-02 4.042093e-02 5.428654e+00
7.552237e+03 3.412255e+02 5.859071e+02 1.218587e-02 4.839515e-01 1.722112e-01 4.343057e-02 3.760521e+00
7.981880e+03 2.926328e+02 1.062185e+03 4.724772e-01 5.939656e-01 4.089149e-02 2.013028e-03 5.766709e+00
7.411759e+03 2.687366e+02 1.584343e+03 8.605054e-02 9.013238e-01 1.007374e-01 -4.380488e-02 7.039821e+00
7.377533e+03 2.721631e+02 1.311783e+03 5.014084e-02 9.235401e-01 -1.593258e-01 4.190982e-02 6.154244e+00
7.230494e+03 3.002920e+02 7.227853e+02 6.047460e-01 1.691225e-01 3.549860e-02 1.191723e-02 3.795935e+00
7.651332e+03 3.327394e+02 1.162058e+03 6.324805e-01 3.997383e-01 -2.700659e-02 -1.213693e-02 5.079011e+00
7.778445e+03 2.764765e+02 1.411306e+03 2.066537e-01 1.132653e-01 -1.170939e-01 4.422007e-02 3.499494e+00
7.599067e+03 2.891878e+02 1.579882e+03 4.047055e-01 1.377572e-01 1.148547e-01 7.977654e-03 3.862879e+00
7.914378e+03 2.939237e+02 9.853819e+02 8.764633e-01 4.865262e-01 8.043352e-02 -4.302337e-03 4.250318e+00
7.312796e+03 2.999737e+02 9.011894e+02 2.190818e-01 5.885352e-01 7.475100e-02 -4.102710e-02 5.122083e+00
7.450064e+03 3.007075e+02 7.775477e+02 4.842536e-01 6.216164e-01 -1.034889e-01 3.723108e-02 4.506603e+00
7.566781e+03 2.806721e+02 1.524940e+03 9.893679e-01 6.139500e-01 1.027693e-02 1.388851e-02 5.809707e+00
7.547819e+03 2.651279e+02 1.305977e+03 2.370622e-01 6.918315e-01 -2.937913e-02 -2.389454e-02 6.788595e+00
7.934280e+03 2.542030e+02 8.655864e+02 4.537519e-01 8.561548e-01 4.667690e-04 3.103455e-02 6.029666e+00
7.895874e+03 2.759918e+02 9.657693e+02 3.446510e-01 5.599133e-01 2.940495e-02 -3.409298e-04 5.863527e+00
7.960987e+03 3.443170e+02 1.455684e+03 5.780523e-02 3.877830e-01 1.584640e-01 4.142881e-02 4.319586e+00
7.684583e+03 3.232290e+02 1.337335e+03 9.116422e-03 9.551862e-01 4.347519e-02 -1.876971e-02 8.049774e+00
7.479486e+03 3.379239e+02 1.450124e+03 4.454353e-01 2.587174e-01 -1.684203e-01 4.651694e-02 3.588456e+00
7.661539e+03 2.770836e+02 8.647470e+02 9.342166e-01 6.816920e-01 1.242972e-02 2.447017e-02 4.966638e+00
7.608064e+03 2.827918e+02 1.614922e+03 5.201783e-01 5.724209e-01 6.007682e-02 -2.161410e-02 5.986137e+00
7.683084e+03 3.393591e+02 1.622855e+03 1.716488e-01 2.381736e-01 6.074627e-02 -1.835205e-02 4.921471e+00
7.909434e+03 2.626577e+02 7.628733e+02 9.080323e-01 1.625508e-01 -3.662475e-03 -4.912445e-02 2.801190e+00
7.202641e+03 2.587991e+02 1.443728e+03 4.546121e-01 9.243485e-01 3.573113e-02 -3.225582e-02 7.770136e+00
7.380002e+03 3.152160e+02 8.512028e+02 2.358133e-01 9.088646e-01 1.000134e-01 4.379446e-02 5.635692e+00
7.857451e+03 2.870907e+02 7.484785e+02 2.914331e-01 9.188561e-01 -1.654699e-01 -3.020237e-02 4.948789e+00
7.315577e+03 3.487132e+02 5.086026e+02 2.608435e-01 9.420764e-01 1.482037e-01 -2.264324e-02 4.940303e+00
7.628899e+03 2.713953e+02 9.355303e+02 6.162866e-01 5.798143e-01 -3.960482e-02 2.257992e-02 5.130949e+00
7.282146e+03 2.924851e+02 8.034496e+02 5.907476e-01 8.803646e-01 -1.343968e-01 2.695894e-02 5.129757e+00
7.471122e+03 2.588800e+02 1.134032e+03 2.629009e-01 1.543426e-01 -1.174377e-01 -1.639398e-02 3.760617e+00
7.972889e+03 2.848023e+02 1.502095e+03 7.492970e-01 8.065830e-01 6.454008e-02 1.346787e-02 6.343955e+00
7.817894e+03 3.461410e+02 1.122849e+03 4.414408e-01 5.247220e-01 9.266276e-02 1.961559e-02 4.883910e+00
7.806139e+03 3.035773e+02 8.781991e+02 2.016656e-01 5.377085e-01 3.836598e-02 -5.101614e-02 4.893727e+00
7.368484e+03 2.982064e+02 1.534668e+03 9.459777e-01 2.957922e-01 -3.905203e-02 -4.671398e-02 3.868641e+00
7.852899e+03 3.286414e+02 1.610544e+03 1.903740e-01 2.908114e-01 -8.694515e-02 -1.351692e-02 4.861222e+00
7.876046e+03 3.473910e+02 1.126623e+03 6.024116e-01 8.335717e-01 8.135343e-02 5.011671e-02 5.366147e+00
7.947947e+03 3.244139e+02 1.531553e+03 9.070464e-01 3.764216e-01 -7.693174e-03 -4.779205e-02 4.116125e+00
7.336117e+03 2.537026e+02 7.467689e+02 6.725845e-01 5.692126e-01 1.280860e-01 -1.682228e-02 4.207474e+00
7.311336e+03 2.714839e+02 1.095058e+03 9.181534e-01 3.692831e-01 1.317854e-02 -4.857849e-02 3.860684e+00
7.770643e+03 2.860354e+02 1.454981e+03 9.987037e-01 4.097851e-01 -5.127029e-02 -2.215066e-03 4.419717e+00
7.719069e+03 3.067854e+02 1.088758e+03 3.121310e-01 1.287921e-01 4.235457e-02 3.125002e-02 3.886679e+00
7.701168e+03 3.381261e+02 1.603709e+03 5.622540e-01 1.926504e-01 9.013302e-02 9.459678e-03 4.102970e+00
7.260098e+03 3.373646e+02 8.549165e+02 7.144610e-01 6.451793e-01 -6.561780e-02 -7.091503e-03 5.239785e+00
7.625853e+03 2.886125e+02 8.439617e+02 3.709918e-01 5.537057e-01 3.897698e-02 3.284452e-02 5.060880e+00
7.257232e+03 3.338022e+02 1.685509e+03 6.629102e-01 3.303897e-01 2.394389e-02 -3.133992e-02 5.096371e+00
7.243676e+03 3.416363e+02 1.438832e+03 5.145134e-01 2.240538e-01 1.236716e-01 -5.960795e-03 4.072068e+00
7.956889e+03 2.865006e+02 1.599001e+03 5.788947e-01 8.133788e-01 9.360911e-02 2.236142e-02 6.275327e+00
7.276370e+03 3.364149e+02 7.891824e+02 5.311398e-01 7.607630e-01 6.892612e-02 4.147936e-03 5.748791e+00
7.469444e+03 3.353898e+02 1.367302e+03 9.808368e-01 9.841638e-01 1.650480e-01 -2.051255e-02 5.610434e+00
7.416906e+03 2.898617e+02 1.026467e+03 3.181584e-01 8.843741e-01 -5.229892e-02 7.789292e-03 7.000049e+00
7.230095e+03 3.176452e+02 1.195378e+03 5.108898e-01 7.761822e-01 -4.243717e-02 3.606458e-02 6.357944e+00
7.771655e+03 3.105881e+02 6.002360e+02 2.804466e-02 6.706759e-01 8.171757e-02 5.161769e-02 4.632879e+00
7.554859e+03 2.984316e+02 6.115676e+02 4.839805e-01 1.955943e-01 -9.475849e-02 -8.478847e-03 3.488654e+00
7.475990e+03 2.578074e+02 6.801987e+02 6.829015e-02 3.357051e-01 1.400133e-01 4.173811e-02 3.684839e+00
7.343940e+03 2.789748e+02 1.476932e+03 7.956619e-01 3.738602e-02 4.006433e-02 -3.258251e-02 3.164542e+00
7.363955e+03 3.021873e+02 8.265815e+02 1.339905e-01 1.254705e-01 5.280249e-03 2.850947e-02 4.143494e+00
7.722809e+03 3.115720e+02 1.375867e+03 1.565146e-01 1.013749e-01 1.416866e-01 7.270330e-03 3.661872e+00
7.831273e+03 3.226306e+02 1.608167e+03 5.964902e-02 2.375081e-01 -1.416537e-01 2.919245e-02 4.163261e+00
7.348320e+03 3.050698e+02 1.090536e+03 8.058566e-01 2.409529e-01 -9.973983e-02 -4.965008e-02 3.245716e+00
7.375248e+03 2.571389e+02 8.311782e+02 1.218306e-01 6.490338e-01 1.685977e-01 1.409046e-03 4.911778e+00
7.798224e+03 3.038168e+02 7.922510e+02 7.626430e-01 8.379142e-01 2.671080e-02 1.479642e-02 5.752259e+00
7.215230e+03 2.784170e+02 8.593301e+02 5.673973e-01 2.448827e-01 -1.673393e-02 -5.634739e-03 4.533250e+00
7.449256e+03 3.347051e+02 1.489094e+03 3.082108e-01 5.951892e-01 4.692255e-02 1.615760e-02 6.486840e+00
7.600198e+03 3.019963e+02 1.524627e+03 3.998657e-01 7.950045e-01 -6.194523e-02 -2.749849e-02 6.829764e+00
7.738468e+03 3.297686e+02 1.319439e+03 7.781749e-01 8.485031e-01 -1.419954e-01 5.679376e-04 5.677689e+00
7.627932e+03 2.743431e+02 8.365683e+02 2.723170e-01 2.880670e-01 -8.477631e-02 3.536897e-02 3.929326e+00
7.569493e+03 3.361753e+02 6.683106e+02 2.888258e-01 3.141044e-01 -1.587867e-01 -2.696897e-02 3.489721e+00
7.763913e+03 3.090609e+02 1.039180e+03 8.096838e-01 2.304858e-01 -3.980942e-02 4.245962e-02 3.436603e+00
7.357212e+03 2.918994e+02 1.152920e+03 3.959087e-01 5.284268e-01 -8.048383e-02 4.650942e-03 5.495449e+00
7.424110e+03 2.907553e+02 7.360182e+02 5.853073e-01 7.309604e-01 1.072655e-01 7.506192e-04 5.081196e+00
7.813232e+03 2.781866e+02 1.342637e+03 9.617195e-01 7.096207e-01 1.645584e-01 -1.614695e-02 4.521225e+00
7.401601e+03 3.126808e+02 1.301423e+03 3.382303e-01 9.524772e-01 -3.514704e-02 -4.538709e-02 7.256283e+00
7.203783e+03 2.611797e+02 1.425469e+03 3.975825e-01 1.862719e-01 -5.003567e-02 4.500600e-02 4.149825e+00
7.338900e+03 3.466530e+02 6.898704e+02 2.657669e-01 7.284292e-01 -1.698835e-01 2.550568e-02 4.560828e+00
7.877253e+03 3.042628e+02 1.646617e+03 2.393286e-01 9.726544e-01 -8.778192e-02 2.788637e-02 7.375458e+00
7.525247e+03 3.384511e+02 1.011767e+03 5.254484e-02 6.361688e-01 1.186040e-01 -3.467982e-02 5.189920e+00
7.279384e+03 3.229426e+02 6.770435e+02 2.550194e-02 7.486507e-01 6.251371e-02 -3.207651e-02 5.634856e+00
7.321538e+03 3.154027e+02 1.593691e+03 2.459396e-01 2.973982e-01 4.866588e-02 3.870412e-02 4.973913e+00
7.403982e+03 3.445759e+02 8.388164e+02 9.938882e-01 4.010967e-01 -7.041541e-02 -2.418397e-02 3.586678e+00
7.367400e+03 3.292746e+02 1.084998e+03 2.949696e-01 5.162457e-01 1.376972e-01 -4.208284e-02 4.517637e+00
7.433468e+03 3.166992e+02 9.741005e+02 8.647896e-01 6.253442e-01 -1.202482e-01 7.057030e-03 4.536645e+00
7.467578e+03 2.719101e+02 7.189653e+02 8.426978e-01 5.113332e-01 -1.725747e-01 -2.346040e-02 3.443142e+00
7.521709e+03 3.312348e+02 7.270755e+02 6.559169e-01 4.742165e-01 1.243196e-01 -4.877815e-02 3.624201e+00
7.516713e+03 2.701746e+02 6.620500e+02 1.816883e-02 9.608310e-01 -1.296068e-01 4.597905e-02 5.250770e+00
7.890975e+03 2.885759e+02 7.066319e+02 9.482997e-01 6.435894e-01 5.747400e-02 2.100258e-02 4.187914e+00
7.248826e+03 2.519339e+02 1.675658e+03 6.219407e-01 9.977634e-01 -1.446956e-01 4.933222e-02 6.530151e+00
7.532323e+03 2.936378e+02 1.199245e+03 7.743477e-01 9.750236e-01 1.435461e-01 -5.150143e-03 5.987677e+00
7.234442e+03 3.193016e+02 6.290558e+02 9.650421e-01 2.324091e-02 -1.791684e-02 -5.227936e-02 2.286625e+00
7.714105e+03 3.345713e+02 1.405332e+03 2.427221e-01 8.582035e-01 1.743296e-02 -1.249039e-03 8.308713e+00
7.264532e+03 2.554224e+02 5.237309e+02 7.972989e-01 9.674091e-01 -6.035805e-02 -8.293903e-03 5.390297e+00
7.636632e+03 3.269275e+02 1.203615e+03 2.206972e-01 4.335199e-02 5.703128e-02 1.847804e-02 3.770739e+00
7.803101e+03 3.109670e+02 1.383170e+03 2.296059e-01 9.583110e-01 -1.204939e-02 -2.636106e-02 7.999327e+00
