7.206807e+03 3.169352e+02 8.122224e+02 8.078158e-01 7.848129e-01 -1.277032e-01 -4.262248e-02 2.015558e+00
7.674643e+03 3.070412e+02 1.222090e+03 2.833867e-01 1.686475e-01 6.393023e-02 4.899407e-02 1.640491e+00
7.425175e+03 3.343124e+02 1.462311e+03 3.716270e-01 4.912150e-01 1.209033e-01 3.488928e-02 1.854808e+00
7.280554e+03 3.231722e+02 1.141114e+03 6.336919e-01 7.562362e-02 -4.898309e-02 -6.464150e-03 1.486948e+00
7.671138e+03 2.761416e+02 9.745759e+02 8.314998e-01 4.086220e-01 -1.698769e-01 1.600859e-02 1.488254e+00
7.987391e+03 2.826418e+02 1.669189e+03 8.236343e-01 7.837509e-02 -1.657562e-02 2.072793e-02 1.531941e+00
7.727824e+03 2.594010e+02 1.222873e+03 3.578481e-01 3.746155e-01 -1.261623e-02 9.838278e-03 2.147256e+00
7.533835e+03 3.212492e+02 8.981602e+02 6.753261e-01 5.728937e-01 -9.401173e-02 -2.836410e-02 1.902762e+00
7.878247e+03 2.637559e+02 1.394015e+03 2.478167e-01 6.490125e-01 -1.390340e-01 1.194613e-02 2.063168e+00
7.544016e+03 3.141752e+02 7.231610e+02 9.974105e-01 4.171093e-01 -1.138049e-01 9.843956e-03 1.418785e+00
7.859724e+03 2.919778e+02 1.185931e+03 9.727492e-01 9.960811e-01 1.196782e-02 -2.685298e-02 2.946450e+00
7.214201e+03 2.937386e+02 9.371340e+02 8.824694e-01 9.141131e-01 1.064332e-02 -2.923695e-02 2.805272e+00
7.546466e+03 2.986967e+02 5.993708e+02 9.462775e-01 7.776888e-01 -6.593085e-02 -4.718541e-02 2.024982e+00
7.457943e+03 3.277035e+02 5.061136e+02 6.983788e-01 3.995929e-01 -1.055950e-01 1.780057e-02 1.590844e+00
7.501817e+03 2.825489e+02 1.250881e+03 3.647438e-01 9.083862e-01 -1.739465e-01 -4.296144e-02 2.322270e+00
7.230447e+03 2.737279e+02 1.644403e+03 4.654576e-01 8.670756e-01 -1.723918e-01 -3.842278e-02 2.332745e+00
7.286654e+03 3.272313e+02 1.410028e+03 8.193962e-01 2.005946e-01 1.651797e-01 3.053130e-02 1.270572e+00
7.915849e+03 3.379104e+02 1.288205e+03 2.297533e-01 9.210637e-01 -7.284747e-02 1.429271e-02 2.682668e+00
7.377422e+03 2.580195e+02 9.380816e+02 9.068266e-01 2.060380e-01 -1.226893e-01 -4.605544e-02 1.130491e+00
7.683225e+03 2.994390e+02 9.971013e+02 6.521886e-01 8.749965e-02 1.939616e-02 1.204723e-02 1.612538e+00
7.680380e+03 2.723882e+02 1.363499e+03 6.080664e-01 6.958541e-01 -1.281442e-01 -2.723918e-02 2.079442e+00
7.216582e+03 3.364408e+02 1.148467e+03 5.563292e-01 8.446853e-01 -2.301010e-02 -5.108096e-02 2.624172e+00
7.943725e+03 3.182455e+02 1.501353e+03 2.392916e-01 3.980736e-01 -1.219912e-01 -5.220325e-02 1.642492e+00
7.493624e+03 2.974373e+02 1.196023e+03 7.286999e-01 9.273254e-02 -1.621606e-02 9.958020e-03 1.600871e+00
7.933374e+03 3.443455e+02 6.362021e+02 9.670014e-01 8.326301e-01 8.034193e-02 -1.595177e-02 2.079970e+00
7.761631e+03 3.264699e+02 1.673961e+03 7.242632e-01 5.669467e-01 -1.595220e-01 -2.303227e-02 1.827277e+00
7.581981e+03 3.058318e+02 1.521142e+03 8.562979e-01 2.691367e-01 1.588746e-01 4.142533e-02 1.352328e+00
7.739113e+03 3.486154e+02 6.903227e+02 8.631053e-01 6.367035e-01 5.445599e-02 4.314708e-02 1.904818e+00
7.728558e+03 3.014882e+02 1.392686e+03 1.055718e-01 1.225040e-01 1.615861e-01 2.913967e-02 1.352353e+00
7.810917e+03 3.310937e+02 8.280849e+02 6.770712e-03 3.256941e-01 -3.007851e-02 -2.320440e-02 2.068050e+00
7.963330e+03 3.268046e+02 6.954242e+02 8.218418e-01 5.870496e-01 1.671268e-01 -1.576762e-02 1.689790e+00
7.714779e+03 3.194274e+02 5.823051e+02 9.661362e-01 7.272152e-01 -2.983459e-02 2.494008e-02 2.011712e+00
7.360134e+03 3.418387e+02 9.898763e+02 4.911846e-01 7.036933e-01 -5.613577e-03 -8.845587e-03 2.718662e+00
7.590415e+03 3.234354e+02 7.346812e+02 6.831557e-01 5.311664e-01 1.272813e-01 3.045643e-02 1.734412e+00
7.829347e+03 2.649098e+02 7.432098e+02 3.958991e-01 2.955445e-01 -1.571155e-01 -8.285788e-03 1.467865e+00
7.599324e+03 3.237649e+02 5.970659e+02 5.602909e-01 5.997033e-02 -1.652746e-01 3.824599e-02 1.187104e+00
7.913198e+03 2.501674e+02 1.070787e+03 5.018711e-01 4.271773e-01 -3.436062e-02 3.400685e-02 1.951711e+00
7.563920e+03 3.059394e+02 1.565362e+03 2.085297e-01 5.519644e-01 -1.568588e-01 2.924219e-02 1.886371e+00
7.895941e+03 2.841569e+02 6.713683e+02 2.140751e-01 5.134597e-02 1.129441e-01 -3.348716e-02 1.222753e+00
7.826366e+03 2.971457e+02 1.225756e+03 7.875095e-01 7.256278e-01 1.131083e-01 -1.795170e-02 2.082920e+00
7.217874e+03 3.298370e+02 1.308028e+03 5.694291e-01 1.299515e-01 -8.898764e-02 -3.307705e-02 1.379882e+00
7.722354e+03 3.461329e+02 1.465799e+03 5.822952e-01 7.570940e-01 4.643145e-02 4.595533e-02 2.356242e+00
7.931096e+03 3.432941e+02 1.478815e+03 5.665585e-01 7.391563e-01 -1.463721e-02 -4.370404e-02 2.530680e+00
7.676061e+03 2.899640e+02 1.038949e+03 3.592577e-01 5.994510e-01 -2.179388e-02 -3.873425e-02 2.326309e+00
7.832736e+03 2.731718e+02 1.632306e+03 3.444381e-01 8.356050e-01 1.496399e-01 -1.371156e-02 2.377941e+00
7.835678e+03 3.249813e+02 1.615451e+03 6.569775e-01 5.584921e-01 1.378688e-01 -1.451389e-02 1.875136e+00
7.925478e+03 2.640032e+02 1.000884e+03 5.512674e-01 9.815127e-01 -6.556692e-02 4.504567e-02 2.546398e+00
7.500974e+03 2.695517e+02 1.540136e+03 7.414172e-02 3.277842e-01 -1.694731e-01 2.597333e-02 1.599855e+00
7.919869e+03 3.344564e+02 1.025279e+03 1.416438e-01 2.979371e-01 1.637075e-01 -8.070942e-03 1.523307e+00
7.726680e+03 2.616639e+02 1.014570e+03 7.408022e-01 3.219129e-01 1.216376e-01 4.927722e-02 1.498631e+00
7.730967e+03 3.123003e+02 9.703567e+02 8.854582e-01 5.686352e-01 1.307625e-02 -2.826905e-02 2.149816e+00
7.300771e+03 3.091825e+02 9.951175e+02 8.335533e-01 8.714348e-01 1.831069e-02 3.213196e-02 2.448593e+00
7.366964e+03 2.765430e+02 9.462161e+02 9.567490e-01 1.826073e-01 5.218261e-02 -5.188713e-04 1.357906e+00
7.471942e+03 3.177229e+02 5.641815e+02 9.872178e-01 4.658152e-01 4.348051e-02 -2.783054e-02 1.644366e+00
7.873543e+03 3.199297e+02 8.400737e+02 1.030446e-01 2.341778e-01 2.399193e-02 2.287436e-02 1.887622e+00
7.570877e+03 2.916546e+02 1.127694e+03 7.034371e-01 2.683013e-01 -1.519353e-01 2.048471e-02 1.412239e+00
7.225622e+03 2.876274e+02 1.453911e+03 3.211895e-01 8.762759e-01 7.855601e-02 -1.165978e-02 2.751441e+00
7.296192e+03 2.779134e+02 1.609817e+03 2.574004e-01 9.415766e-01 6.610137e-02 -1.584710e-02 3.042469e+00
7.374439e+03 3.281543e+02 9.022504e+02 7.544622e-01 1.104672e-01 -1.690631e-01 -1.122647e-02 1.103134e+00
7.600461e+03 2.764872e+02 7.374566e+02 5.329571e-01 3.877623e-01 5.052702e-02 3.747923e-02 1.806051e+00
7.731500e+03 2.812787e+02 1.639015e+03 1.781475e-01 8.095599e-01 7.901562e-02 -4.866863e-02 2.560337e+00
7.508439e+03 3.235048e+02 1.640048e+03 4.008979e-02 8.836354e-01 2.444874e-02 2.982241e-02 2.969102e+00
7.785995e+03 3.395713e+02 1.273208e+03 4.780754e-02 1.316922e-01 3.100750e-03 -5.141398e-02 1.567970e+00
7.309437e+03 2.724898e+02 1.201061e+03 9.307235e-02 2.431823e-01 3.263147e-02 -4.130565e-02 1.857518e+00
7.396226e+03 2.791501e+02 8.525976e+02 4.386893e-01 9.649864e-01 -4.034532e-02 -4.705937e-02 2.795993e+00
7.669406e+03 3.052607e+02 1.060945e+03 4.654141e-02 5.156444e-01 9.433278e-02 4.161135e-03 2.006085e+00
7.656257e+03 3.451254e+02 7.649256e+02 8.156432e-01 6.517692e-01 2.606343e-03 -4.056546e-02 2.121972e+00
7.998882e+03 2.987303e+02 1.037789e+03 7.124938e-01 6.029739e-01 1.123526e-01 -3.408175e-02 1.855680e+00
7.984645e+03 3.436785e+02 6.690538e+02 5.641528e-01 2.260230e-01 8.244205e-02 -4.468639e-02 1.372182e+00
7.382782e+03 2.526435e+02 7.973324e+02 1.141684e-01 9.616251e-01 -1.524252e-01 1.972131e-02 2.464006e+00
7.305321e+03 3.137614e+02 6.315776e+02 3.586621e-01 8.549521e-01 9.749748e-02 -2.896802e-02 2.345883e+00
7.558548e+03 2.681212e+02 1.134576e+03 7.682078e-01 5.986348e-01 1.454269e-01 2.158967e-02 1.806892e+00
7.507805e+03 3.039293e+02 9.122599e+02 2.917811e-01 8.069005e-01 -1.092859e-01 -2.372454e-02 2.332722e+00
7.208876e+03 2.891919e+02 8.245618e+02 1.727210e-01 9.852574e-01 -1.298498e-01 -1.222208e-02 2.598762e+00
7.774794e+03 2.621999e+02 1.546644e+03 7.275869e-01 8.609132e-01 3.445408e-02 1.687980e-02 2.666546e+00
7.271480e+03 3.287972e+02 1.084654e+03 5.691652e-02 5.863224e-01 -9.950175e-02 -3.755122e-02 2.066645e+00
7.833123e+03 2.946541e+02 1.454326e+03 3.654646e-03 9.716719e-01 -1.120388e-01 -3.282511e-02 2.756317e+00
7.462368e+03 2.956661e+02 5.411335e+02 4.242166e-01 7.060995e-01 2.666415e-02 3.230278e-02 2.238630e+00
7.476935e+03 2.880305e+02 8.261911e+02 2.098996e-02 5.832180e-01 -1.308893e-01 5.114920e-02 1.925597e+00
7.791156e+03 3.023676e+02 7.094616e+02 3.837388e-01 7.751599e-01 1.457226e-01 2.887023e-03 2.117257e+00
7.849573e+03 3.258960e+02 1.237580e+03 5.926190e-01 3.308050e-01 -1.158950e-01 2.250614e-02 1.591850e+00
7.975514e+03 2.655335e+02 1.515270e+03 5.896650e-01 7.376145e-01 1.183650e-01 7.740545e-03 2.175724e+00
7.986680e+03 2.548034e+02 1.557552e+03 1.112732e-01 1.739044e-01 5.865235e-02 4.733459e-03 1.762142e+00
7.907830e+03 2.927915e+02 8.187874e+02 9.225303e-02 4.236510e-01 -1.196599e-01 1.200990e-03 1.769155e+00
7.339803e+03 3.408044e+02 1.012098e+03 1.261984e-01 9.702523e-01 1.206327e-01 -3.568337e-02 2.594574e+00
7.525450e+03 3.245874e+02 1.301733e+03 7.184161e-01 1.090344e-02 4.407586e-02 3.704683e-02 1.415382e+00
7.976604e+03 3.448385e+02 1.246947e+03 1.667813e-01 1.016772e-01 -1.726926e-01 -3.214144e-02 1.198343e+00
7.476633e+03 2.563697e+02 1.060374e+03 7.913738e-01 9.534523e-01 9.991812e-04 2.020598e-02 2.736536e+00
7.699299e+03 2.818113e+02 1.229287e+03 5.133306e-01 3.884793e-01 -9.759692e-02 4.918687e-02 1.703802e+00
7.784672e+03 3.453500e+02 6.118132e+02 7.360165e-01 1.183718e-01 1.085710e-01 -3.595922e-03 1.231040e+00
7.611955e+03 2.782519e+02 1.572278e+03 5.220480e-01 3.289974e-01 -8.182946e-02 -5.463528e-03 1.772165e+00
7.614036e+03 2.647190e+02 1.168505e+03 7.176662e-01 7.586810e-01 -9.650996e-02 -3.791226e-02 2.170238e+00
7.913923e+03 2.648585e+02 8.827838e+02 6.602948e-01 5.025623e-02 6.370298e-02 4.823877e-02 1.414076e+00
7.373787e+03 3.012185e+02 1.249924e+03 1.730032e-01 4.356106e-01 -1.365108e-01 -3.928031e-02 1.713870e+00
7.292083e+03 2.908330e+02 1.550654e+03 9.957164e-01 4.461594e-01 -9.089064e-02 3.544141e-02 1.611197e+00
7.723264e+03 3.457448e+02 1.046956e+03 5.117420e-01 9.503699e-01 -2.223738e-02 -4.432235e-02 2.827800e+00
7.273998e+03 3.303032e+02 1.568628e+03 4.412423e-01 2.107392e-01 4.821059e-02 -1.947924e-02 1.813997e+00
7.557874e+03 2.789698e+02 1.278136e+03 9.508464e-01 7.412927e-01 1.618334e-01 4.985609e-02 1.871294e+00
7.738270e+03 2.542591e+02 1.115524e+03 6.123928e-01 3.950722e-01 -1.720061e-01 -1.865042e-03 1.552870e+00
7.647940e+03 3.474850e+02 1.255990e+03 4.847339e-01 3.828124e-01 1.597792e-01 -2.981428e-02 1.558571e+00
7.536040e+03 3.267605e+02 9.775146e+02 7.177155e-02 2.304152e-02 5.193861e-02 -1.173653e-02 1.575843e+00
7.917050e+03 3.455615e+02 6.541341e+02 3.792633e-01 5.017242e-01 8.398705e-02 2.182459e-03 1.875382e+00
7.368184e+03 3.484891e+02 1.126182e+03 3.464957e-01 7.236596e-01 6.481490e-02 -2.540964e-02 2.459963e+00
7.496274e+03 2.751350e+02 1.427465e+03 6.232990e-01 1.900896e-01 1.018621e-01 -2.280019e-02 1.454039e+00
7.760869e+03 3.092253e+02 1.198307e+03 9.387013e-01 8.362378e-01 -3.553696e-02 1.719996e-02 2.387356e+00
7.487366e+03 2.652942e+02 6.151962e+02 5.830648e-01 5.186165e-01 1.483119e-01 4.807417e-02 1.684746e+00
7.965252e+03 2.685311e+02 6.965551e+02 7.261383e-01 9.389676e-01 1.157608e-01 3.260376e-02 2.252728e+00
7.742326e+03 2.500194e+02 7.234173e+02 1.694857e-01 6.356458e-01 1.282547e-01 4.062783e-02 1.952633e+00
7.315779e+03 3.426580e+02 1.335682e+03 4.717279e-01 8.583158e-01 2.023724e-02 3.253228e-02 2.685248e+00
7.610757e+03 2.763554e+02 1.420486e+03 8.328446e-01 4.717885e-01 1.110985e-01 4.868682e-02 1.693956e+00
7.769368e+03 3.472161e+02 9.610864e+02 4.542569e-02 5.761976e-01 9.333106e-02 -6.618268e-03 2.082953e+00
7.867512e+03 3.447881e+02 6.883428e+02 3.252497e-01 8.215996e-01 1.544146e-01 1.390318e-02 2.167306e+00
7.528192e+03 3.116624e+02 1.370306e+03 4.456384e-01 4.164737e-01 -5.685568e-02 -8.509974e-03 2.024129e+00
7.449074e+03 3.384120e+02 1.518447e+03 2.549366e-01 7.567112e-01 1.714999e-01 5.053994e-02 2.128629e+00
7.765159e+03 3.239125e+02 1.053937e+03 8.009688e-01 2.121543e-01 -2.775207e-02 -5.234978e-02 1.381473e+00
7.781268e+03 2.718188e+02 6.800085e+02 4.926025e-01 2.221465e-01 3.215514e-02 3.083773e-02 1.731238e+00
7.650291e+03 3.460649e+02 5.521350e+02 6.067639e-02 7.809686e-01 -2.265419e-03 9.196972e-03 2.657224e+00
7.267327e+03 2.690160e+02 1.106691e+03 7.264886e-02 9.854479e-02 -1.499423e-01 4.427594e-02 1.365057e+00
7.594991e+03 2.528527e+02 1.477747e+03 2.443993e-01 1.637643e-02 -1.311554e-01 2.531122e-02 1.294485e+00
7.346687e+03 2.902041e+02 8.615419e+02 7.351562e-01 3.173449e-01 -6.059968e-02 -4.595867e-02 1.556487e+00
7.299778e+03 2.942554e+02 1.529135e+03 2.375697e-01 9.428644e-01 -6.474972e-02 3.465651e-02 2.802991e+00
7.897552e+03 2.511853e+02 8.575300e+02 2.533632e-01 6.130836e-01 -9.491065e-02 -2.020867e-02 2.059960e+00
7.624536e+03 2.887366e+02 1.380990e+03 6.871082e-01 6.720072e-01 4.126066e-02 2.571530e-02 2.269780e+00
7.516984e+03 2.740332e+02 1.443714e+03 4.706332e-01 1.816571e-01 6.726761e-02 -1.382728e-02 1.646802e+00
7.259955e+03 2.573032e+02 1.054604e+03 1.449499e-02 8.385625e-02 1.212139e-01 2.787968e-02 1.440318e+00
7.487047e+03 2.554238e+02 1.698387e+03 4.555605e-01 4.239905e-02 -5.102954e-02 3.032394e-02 1.532317e+00
7.415951e+03 3.338777e+02 5.838796e+02 4.510057e-01 8.348692e-01 1.370734e-01 -4.419550e-02 2.098449e+00
7.893379e+03 2.521262e+02 1.643109e+03 6.145867e-01 5.815339e-02 1.612219e-01 -5.625253e-03 1.154961e+00
7.729521e+03 3.393321e+02 1.233429e+03 6.992494e-01 1.727501e-02 1.239557e-01 -3.466197e-02 1.030870e+00
7.989232e+03 2.819493e+02 1.299610e+03 6.803145e-01 6.848311e-02 -1.714516e-01 -2.530744e-02 1.063932e+00
7.268777e+03 2.966161e+02 1.677498e+03 6.820692e-02 1.899595e-01 1.410184e-01 -3.276139e-02 1.450763e+00
7.663869e+03 2.820736e+02 1.510296e+03 9.788119e-01 9.590507e-01 -7.170437e-02 -2.862831e-02 2.629845e+00
7.369739e+03 2.760124e+02 9.315055e+02 9.571087e-01 5.007457e-01 3.618564e-02 4.980318e-02 1.738172e+00
7.248652e+03 2.798172e+02 1.123492e+03 6.905398e-01 4.145053e-01 4.861483e-03 -4.679266e-02 1.865262e+00
7.679059e+03 3.294160e+02 1.534218e+03 8.419247e-02 4.022595e-01 -9.475984e-03 4.533075e-02 2.024227e+00
7.218593e+03 3.437547e+02 1.188186e+03 4.054115e-01 6.777669e-01 -1.590357e-01 1.925492e-02 2.018741e+00
7.843065e+03 2.922225e+02 1.612194e+03 3.090392e-01 8.376140e-01 -3.858934e-02 3.847457e-02 2.670777e+00
7.261298e+03 2.529706e+02 1.202737e+03 7.757635e-01 6.731965e-01 7.196533e-02 4.904971e-02 2.048942e+00
7.394560e+03 2.595031e+02 6.494143e+02 5.961612e-01 8.239017e-01 2.056632e-02 4.268884e-02 2.301198e+00
7.231273e+03 3.402637e+02 1.043614e+03 8.106264e-01 4.322586e-02 6.975206e-02 7.129335e-03 1.263634e+00
7.812208e+03 3.230061e+02 1.028627e+03 2.741223e-01 6.345287e-01 4.253540e-02 -3.886014e-02 2.336197e+00
7.782532e+03 2.593874e+02 1.479635e+03 5.679004e-01 1.550462e-02 5.988506e-02 -1.500837e-02 1.392876e+00
7.659270e+03 3.100547e+02 1.167744e+03 6.646721e-01 5.292290e-01 -1.734312e-01 1.059869e-02 1.725517e+00
7.687318e+03 2.609434e+02 1.448855e+03 5.310047e-01 3.474326e-01 -1.141576e-01 4.688326e-02 1.631771e+00
7.653283e+03 2.878603e+02 1.194296e+03 1.518472e-01 7.366463e-01 -1.212388e-01 5.006890e-02 2.156158e+00
7.403793e+03 2.709147e+02 7.277981e+02 9.311393e-01 6.328322e-01 4.799163e-02 4.657771e-02 1.892717e+00
7.889025e+03 3.273575e+02 6.533857e+02 7.623595e-02 9.675482e-01 2.076337e-02 -2.162682e-02 3.077865e+00
7.343275e+03 3.017740e+02 6.611511e+02 9.860352e-01 7.310178e-01 -1.165102e-01 9.359525e-03 1.855887e+00
7.977809e+03 2.928215e+02 1.132846e+03 6.391804e-01 4.410882e-01 -1.253203e-01 2.370659e-02 1.676806e+00
7.881202e+03 3.079326e+02 1.651450e+03 3.691083e-01 5.060414e-01 -1.655138e-01 -4.682218e-02 1.709337e+00
7.838899e+03 2.534545e+02 1.108652e+03 6.509023e-01 9.588529e-01 1.679809e-01 3.001202e-02 2.324923e+00
7.911674e+03 3.397398e+02 1.672661e+03 1.966828e-01 9.788993e-01 -3.670319e-02 -2.385468e-02 3.369285e+00
7.822667e+03 2.934880e+02 1.686181e+03 4.308547e-01 7.790816e-01 -1.047666e-01 5.001401e-03 2.380521e+00
7.240103e+03 3.315651e+02 8.730268e+02 1.312631e-01 4.101281e-01 2.531888e-02 1.545194e-03 2.179061e+00
7.429376e+03 2.756206e+02 1.181336e+03 1.459909e-01 7.926823e-01 -6.972464e-02 -4.084778e-02 2.540556e+00
7.345235e+03 3.122368e+02 1.693768e+03 3.791406e-02 8.978466e-01 1.665950e-01 4.104056e-02 2.466930e+00
7.630919e+03 3.314460e+02 1.045537e+03 1.240689e-01 2.807992e-01 9.864372e-03 -2.767211e-02 2.048731e+00
7.490477e+03 3.054587e+02 5.349999e+02 6.111488e-01 9.895354e-01 1.235665e-01 -1.541027e-03 2.407014e+00
7.497552e+03 3.020375e+02 7.301669e+02 9.039939e-01 5.267950e-01 -1.377892e-01 5.072261e-02 1.611508e+00
7.657844e+03 3.392816e+02 1.314744e+03 6.706031e-01 7.281161e-01 1.638450e-01 -4.648101e-02 1.950782e+00
7.860769e+03 3.021898e+02 1.087967e+03 8.201319e-01 4.663466e-01 -1.663659e-01 7.576777e-03 1.584604e+00
7.365707e+03 3.191744e+02 1.301577e+03 7.520130e-01 3.847335e-01 7.099838e-03 3.654819e-02 1.847224e+00
7.999388e+03 2.520842e+02 1.526550e+03 1.258489e-02 3.782776e-01 1.466126e-01 3.885542e-02 1.703939e+00
7.742713e+03 2.627903e+02 1.666998e+03 8.510867e-01 7.439109e-01 -6.028590e-02 3.854666e-02 2.223799e+00
7.378311e+03 3.069817e+02 1.220464e+03 9.846992e-01 4.536300e-01 -1.219341e-02 -5.187637e-02 1.691443e+00
7.391964e+03 3.382704e+02 1.604756e+03 6.918185e-01 2.783022e-01 1.227131e-01 -3.508206e-02 1.468163e+00
7.474612e+03 2.856125e+02 1.563117e+03 2.960653e-01 1.164650e-01 -9.825680e-03 2.141012e-02 1.806572e+00
7.437433e+03 3.347305e+02 1.543082e+03 1.463086e-01 7.025614e-01 6.302089e-02 2.481810e-02 2.429127e+00
7.748221e+03 3.398826e+02 1.605289e+03 1.706498e-01 9.956540e-01 3.929296e-02 2.263245e-02 3.098108e+00
7.551741e+03 2.886662e+02 5.919749e+02 6.429667e-01 8.452593e-01 8.018419e-02 -3.294691e-02 2.261587e+00
7.720167e+03 2.952443e+02 1.140793e+03 1.535629e-01 8.814501e-01 1.254252e-01 3.434273e-02 2.395100e+00
7.274972e+03 3.354602e+02 5.394581e+02 7.026458e-01 8.995232e-01 -3.710937e-02 -3.474043e-02 2.547396e+00
7.734372e+03 3.283013e+02 1.057969e+03 4.619771e-01 8.534342e-01 1.021075e-01 2.414397e-02 2.339545e+00
7.804056e+03 3.110352e+02 5.220422e+02 6.894188e-01 3.024585e-01 -1.260574e-01 6.392938e-03 1.443562e+00
7.945137e+03 3.144449e+02 1.549826e+03 8.358985e-01 5.331858e-01 3.875041e-02 4.186005e-02 1.981967e+00
7.556971e+03 2.832229e+02 8.511584e+02 8.167962e-01 7.826082e-01 6.821907e-02 3.206838e-04 2.223580e+00
7.766041e+03 2.893248e+02 1.364100e+03 6.510704e-01 5.393783e-01 -1.052554e-01 -5.148872e-02 1.801849e+00
7.958257e+03 3.350409e+02 1.663912e+03 7.223253e-01 1.413929e-01 -1.101889e-01 1.438837e-02 1.360751e+00
7.598010e+03 3.499451e+02 8.415612e+02 5.875423e-01 7.596197e-01 -1.250459e-01 -2.653426e-02 2.109122e+00
7.677550e+03 2.909883e+02 1.685390e+03 7.785183e-02 2.554583e-01 -1.058981e-01 7.154984e-04 1.700450e+00
7.775922e+03 2.848903e+02 1.332449e+03 5.750894e-01 9.162770e-01 1.050466e-01 -4.364566e-02 2.457719e+00
7.289817e+03 2.917235e+02 1.155927e+03 4.377966e-01 2.527258e-01 3.179411e-02 2.215352e-02 1.842155e+00
7.222413e+03 3.284712e+02 1.347923e+03 3.825512e-02 1.273768e-01 -1.105522e-01 -5.197451e-02 1.343468e+00
7.754870e+03 3.381822e+02 6.076249e+02 8.380748e-01 5.226216e-02 -1.029573e-01 -5.166572e-03 1.098512e+00
7.429854e+03 2.586939e+02 5.622524e+02 4.350696e-01 2.759100e-01 1.731100e-01 3.058043e-02 1.419590e+00
7.403194e+03 3.128174e+02 1.424100e+03 2.982821e-01 1.988750e-01 -1.477229e-01 -1.322013e-02 1.433281e+00
7.246867e+03 3.413796e+02 5.653156e+02 2.526861e-01 9.730963e-01 -1.033606e-01 -5.213390e-02 2.432961e+00
7.479632e+03 2.665549e+02 7.443159e+02 9.824282e-01 9.183498e-01 4.158043e-02 2.421255e-02 2.285563e+00
7.313078e+03 2.767737e+02 6.980816e+02 4.855732e-01 3.318202e-01 -1.182520e-02 3.909994e-02 1.806444e+00
7.917620e+03 2.507354e+02 1.561995e+03 2.862977e-01 3.168418e-01 -1.421259e-02 -5.070834e-02 1.837925e+00
7.266509e+03 2.839823e+02 1.315423e+03 8.406126e-01 6.446762e-01 8.174858e-02 -3.919127e-02 2.066022e+00
7.387334e+03 3.423761e+02 8.885412e+02 9.366105e-01 5.172760e-01 -1.596716e-02 3.269395e-02 1.841864e+00
7.517622e+03 3.178265e+02 5.197495e+02 5.523169e-01 3.063530e-01 -6.522158e-02 1.584404e-02 1.655835e+00
7.552506e+03 3.121321e+02 8.222838e+02 6.637972e-01 2.183897e-01 -4.058341e-02 2.546832e-03 1.651267e+00
7.589184e+03 2.553333e+02 1.094978e+03 1.851981e-01 5.289207e-01 1.312356e-01 -4.105700e-02 1.819024e+00
7.384188e+03 3.000127e+02 5.734788e+02 7.491736e-01 3.265255e-01 1.331012e-01 3.583249e-02 1.457397e+00
7.556308e+03 3.041168e+02 1.376334e+03 2.493990e-01 1.385315e-01 1.739653e-01 1.493815e-02 1.326084e+00
7.401549e+03 2.617295e+02 1.270899e+03 6.439858e-01 6.178477e-01 1.003307e-01 1.047180e-02 2.030479e+00
7.577311e+03 2.792278e+02 5.183949e+02 9.567723e-02 8.692726e-02 3.257922e-03 -4.026244e-02 1.509365e+00
7.504271e+03 2.596260e+02 1.579487e+03 5.085012e-01 3.687696e-01 2.208849e-02 -1.856594e-02 2.208240e+00
7.533229e+03 3.001278e+02 7.979206e+02 2.874651e-01 7.731975e-01 -1.437103e-01 -1.158108e-02 2.158613e+00
7.864936e+03 2.999632e+02 1.446039e+03 5.591818e-01 4.505992e-01 -3.078822e-02 -1.852452e-02 2.206649e+00
7.704757e+03 2.677470e+02 1.159713e+03 5.761325e-01 1.975508e-01 1.432639e-01 -3.816790e-02 1.268444e+00
7.964594e+03 3.083800e+02 1.569738e+03 2.972837e-01 4.242588e-01 6.666681e-02 3.303821e-02 1.932681e+00
7.854407e+03 3.493390e+02 7.910126e+02 4.187538e-01 7.984665e-02 -9.248832e-02 -1.350816e-02 1.347585e+00
7.310229e+03 2.904766e+02 1.387372e+03 3.779289e-01 2.017167e-01 1.506198e-01 1.147288e-02 1.434307e+00
7.409953e+03 3.198541e+02 1.430553e+03 4.575678e-01 1.062230e-01 2.832434e-02 -2.628907e-02 1.730044e+00
7.667213e+03 2.755077e+02 9.278701e+02 9.056609e-01 6.392190e-01 9.635960e-02 3.842242e-02 1.835139e+00
7.649044e+03 3.473609e+02 1.296089e+03 4.771383e-01 1.878941e-01 1.641639e-01 2.331849e-02 1.360551e+00
7.511588e+03 3.488499e+02 5.284956e+02 4.101887e-01 3.582929e-01 -1.585209e-01 -1.830629e-02 1.498796e+00
7.300816e+03 2.661626e+02 7.617053e+02 2.627054e-01 4.734220e-01 9.117690e-02 -7.781101e-03 1.883618e+00
7.892038e+03 3.218244e+02 6.884025e+02 1.167136e-01 4.331057e-01 -9.902542e-02 1.091731e-02 1.819104e+00
7.928959e+03 3.449272e+02 7.507947e+02 1.757316e-01 9.175835e-01 5.313958e-02 -3.551547e-02 2.702543e+00
7.603672e+03 3.248341e+02 8.049941e+02 4.687791e-01 5.708351e-01 1.743711e-03 1.373782e-02 2.263118e+00
7.224645e+03 3.115476e+02 1.284997e+03 5.629673e-01 6.906040e-02 1.352999e-01 -1.318794e-02 1.221942e+00
7.489932e+03 2.881393e+02 1.456955e+03 9.326247e-01 8.301266e-01 1.286603e-01 -1.983081e-02 2.202080e+00
7.567722e+03 2.778592e+02 1.405642e+03 8.059146e-01 5.849466e-01 5.680505e-02 -2.365428e-04 2.114436e+00
7.786877e+03 3.263217e+02 7.161181e+02 3.244497e-01 1.494570e-01 -1.398970e-01 -7.346076e-03 1.341701e+00
7.359470e+03 2.811060e+02 7.207023e+02 3.817386e-01 9.361687e-01 1.850284e-02 -3.428440e-02 2.874244e+00
7.256928e+03 3.309846e+02 1.205089e+03 5.937133e-02 2.168464e-01 -8.969625e-02 -1.633816e-02 1.667992e+00
7.277203e+03 3.114342e+02 1.413536e+03 3.560093e-01 4.431737e-01 8.736923e-02 -2.128925e-02 1.957342e+00
7.659182e+03 3.368357e+02 7.792402e+02 7.534235e-01 4.526486e-01 5.026060e-02 -6.175791e-03 1.853734e+00
7.760690e+03 3.101418e+02 1.352868e+03 9.791124e-01 8.495644e-01 7.498713e-02 5.497991e-03 2.285998e+00
7.954484e+03 2.769486e+02 1.406684e+03 7.741673e-01 1.474788e-01 1.633404e-02 3.695494e-02 1.566319e+00
7.348454e+03 2.950190e+02 1.081389e+03 4.064191e-01 9.563455e-01 4.034674e-02 2.073811e-03 2.936137e+00
7.981437e+03 2.721394e+02 1.291686e+03 4.971380e-01 8.932416e-01 7.664064e-02 -2.181950e-02 2.636571e+00
7.299090e+03 3.289542e+02 1.468630e+03 2.420368e-01 2.793604e-01 1.367954e-01 4.085149e-02 1.574618e+00
7.803536e+03 2.575006e+02 1.020588e+03 3.082476e-01 9.258022e-01 8.931841e-02 -2.552861e-02 2.628447e+00
7.882292e+03 3.007112e+02 5.575595e+02 4.017359e-01 9.063283e-01 -4.762177e-02 4.481574e-02 2.437934e+00
7.691891e+03 3.238653e+02 1.178449e+03 2.050968e-01 1.601865e-01 -9.823638e-02 3.958596e-02 1.547068e+00
7.660795e+03 2.625435e+02 8.769642e+02 8.496810e-01 9.333700e-01 -1.633980e-01 -2.246902e-02 2.240202e+00
7.378509e+03 2.863460e+02 5.115700e+02 7.449516e-01 3.125943e-01 -9.003268e-02 1.414982e-03 1.508398e+00
7.242632e+03 3.288728e+02 5.748839e+02 6.078922e-01 4.593260e-01 2.435111e-02 4.340278e-02 1.864977e+00
7.440670e+03 2.522314e+02 1.624612e+03 1.796084e-02 6.984487e-01 -1.892880e-02 -4.248842e-02 2.740892e+00
7.950417e+03 2.730807e+02 7.376088e+02 6.861042e-01 6.525291e-01 -7.698914e-02 3.949389e-02 1.955070e+00
7.966853e+03 2.977224e+02 1.040488e+03 8.017179e-01 2.021783e-01 -6.355178e-02 1.794141e-02 1.483742e+00
7.816453e+03 2.834636e+02 1.061916e+03 4.886458e-01 7.625560e-02 1.268540e-01 -4.408918e-02 1.129059e+00
7.470874e+03 3.066276e+02 1.445177e+03 5.789818e-01 5.408634e-01 9.266243e-02 -2.587225e-02 2.017765e+00
7.408563e+03 3.307374e+02 7.493890e+02 2.127250e-01 8.487302e-01 6.700428e-02 2.840183e-02 2.438093e+00
7.579820e+03 2.734503e+02 1.494811e+03 5.852655e-02 3.661341e-01 -1.683614e-02 -4.333602e-02 2.089170e+00
7.284077e+03 2.605225e+02 9.169054e+02 3.887623e-01 7.727957e-01 -5.150106e-02 -1.918323e-02 2.538388e+00
7.389982e+03 2.545494e+02 1.226850e+03 6.816756e-01 9.272334e-01 -5.237985e-02 2.134513e-02 2.636372e+00
7.793755e+03 3.250625e+02 1.078625e+03 1.677243e-01 4.226319e-01 -8.467823e-02 -5.066316e-02 1.771715e+00
7.203540e+03 2.758880e+02 1.098713e+03 8.625259e-01 4.408340e-03 -7.428599e-02 -4.004683e-02 1.039957e+00
7.426168e+03 3.152077e+02 6.557187e+02 7.375998e-01 6.303962e-01 -1.369179e-01 3.830394e-03 1.833321e+00
7.319889e+03 2.741198e+02 7.765648e+02 3.316986e-01 9.933401e-01 -1.386652e-01 -1.789268e-02 2.540659e+00
7.444198e+03 2.911709e+02 1.500435e+03 7.575325e-01 3.751288e-01 -1.458688e-01 -2.794113e-02 1.541733e+00
7.450476e+03 2.803208e+02 1.326517e+03 2.904972e-01 1.217515e-01 5.433849e-02 1.485230e-02 1.662848e+00
7.721490e+03 2.978653e+02 1.144985e+03 5.231754e-01 3.032322e-01 1.195016e-01 2.302020e-02 1.565268e+00
7.438409e+03 3.135063e+02 1.102167e+03 7.903949e-01 3.797261e-01 -2.489199e-02 -1.287954e-02 1.967980e+00
7.641831e+03 3.259471e+02 1.288445e+03 9.771677e-01 1.722898e-01 -9.457600e-02 -2.915155e-02 1.169659e+00
7.484800e+03 3.322680e+02 9.434475e+02 3.307846e-01 9.545306e-02 -8.354695e-02 1.109637e-02 1.486076e+00
7.281555e+03 3.184740e+02 8.735049e+02 1.633556e-01 6.845598e-01 2.305789e-02 2.103862e-02 2.478645e+00
7.609944e+03 2.550299e+02 1.418897e+03 3.059305e-01 5.796979e-01 1.356526e-01 -4.884917e-02 1.870236e+00
7.301813e+03 3.445227e+02 1.253257e+03 2.988977e-02 2.465421e-01 -4.963537e-03 -1.142878e-02 2.198311e+00
7.464914e+03 3.496087e+02 1.589633e+03 9.855450e-01 7.981749e-01 1.114287e-01 -2.517677e-02 2.197502e+00
7.746007e+03 2.735241e+02 9.688684e+02 5.416245e-01 5.675885e-01 7.124544e-02 -3.399594e-02 2.014306e+00
7.514562e+03 2.557979e+02 1.694543e+03 5.910480e-01 8.002843e-01 -1.266059e-01 4.311379e-03 2.325494e+00
7.906060e+03 3.074746e+02 1.382829e+03 6.657330e-02 6.809557e-01 9.869381e-02 -2.167817e-02 2.286558e+00
7.234536e+03 2.510874e+02 1.544369e+03 2.408158e-01 8.504751e-01 -9.128588e-02 -1.443508e-02 2.680141e+00
7.552806e+03 3.339521e+02 1.185084e+03 3.342400e-01 3.148111e-01 1.106153e-01 2.030860e-02 1.658311e+00
7.441362e+03 3.159708e+02 6.560994e+02 6.620084e-01 2.256285e-01 9.032149e-02 1.354122e-02 1.481700e+00
7.787417e+03 2.689103e+02 5.859416e+02 3.908906e-01 1.629163e-01 -8.504098e-02 -4.342384e-02 1.324478e+00
7.634931e+03 3.132907e+02 1.698995e+03 5.182014e-01 5.549024e-01 8.726171e-02 2.578123e-02 2.031232e+00
7.332211e+03 2.799082e+02 8.896242e+02 1.177030e-01 3.105489e-01 4.377987e-02 6.745361e-03 1.940670e+00
7.634099e+03 3.326837e+02 8.106048e+02 7.725704e-01 3.494923e-01 -8.225366e-02 -3.455103e-02 1.532883e+00
7.355872e+03 2.921486e+02 5.088150e+02 2.074448e-01 6.546819e-01 7.709168e-02 -1.694395e-02 2.134283e+00
7.467005e+03 3.031490e+02 1.482577e+03 9.762373e-02 4.816353e-01 9.515216e-02 -4.155926e-02 1.959795e+00
7.800363e+03 3.209984e+02 8.711656e+02 1.760643e-01 6.706836e-02 7.964292e-02 4.105047e-02 1.513501e+00
7.850758e+03 3.010123e+02 1.696678e+03 7.312442e-01 3.340391e-02 -3.134083e-02 2.709728e-02 1.490689e+00
7.942385e+03 2.955509e+02 1.490926e+03 6.171839e-02 3.728276e-01 5.808174e-02 -1.134142e-02 2.040853e+00
7.241413e+03 3.304633e+02 5.504944e+02 3.527353e-01 4.679457e-01 -1.097800e-02 3.190308e-02 1.998937e+00
7.278336e+03 3.328584e+02 1.475600e+03 7.824772e-01 3.518210e-01 -9.385948e-02 -4.961646e-02 1.560478e+00
7.696176e+03 3.391298e+02 6.113669e+02 5.618189e-01 8.597645e-01 9.385578e-02 -4.216244e-02 2.224167e+00
7.443768e+03 3.280673e+02 1.657821e+03 5.349631e-01 5.945657e-01 6.406829e-03 -2.252389e-02 2.684801e+00
7.585709e+03 2.816653e+02 5.137539e+02 4.600988e-01 2.309923e-01 -1.249160e-01 3.555793e-02 1.456471e+00
7.329430e+03 2.702941e+02 9.177445e+02 2.171656e-01 7.814740e-01 1.539814e-02 1.014129e-02 2.730275e+00
7.253783e+03 3.082982e+02 1.457650e+03 9.282092e-01 1.407181e-02 -5.286940e-02 3.354001e-02 1.235188e+00
7.474177e+03 2.975447e+02 1.373728e+03 6.265912e-02 5.958054e-01 7.630967e-03 4.047254e-02 2.314426e+00
7.662147e+03 3.278500e+02 1.541779e+03 8.968140e-01 8.851114e-01 1.142329e-01 5.819929e-03 2.347609e+00
7.886384e+03 2.827579e+02 1.083282e+03 6.713389e-01 6.181209e-01 -1.455397e-01 4.072067e-02 1.822515e+00
7.671785e+03 3.153297e+02 1.331024e+03 2.352542e-01 4.895146e-01 -1.705911e-01 -2.548436e-03 1.785557e+00
7.498458e+03 2.669393e+02 1.111019e+03 1.296818e-03 2.856395e-01 1.152560e-01 4.011276e-02 1.657180e+00
7.747428e+03 2.539970e+02 1.146224e+03 9.131782e-01 1.429462e-01 -7.382887e-02 6.676819e-03 1.313343e+00
7.413877e+03 3.261182e+02 1.239293e+03 5.048961e-01 1.500216e-01 1.499448e-01 -5.963600e-03 1.313132e+00
7.690851e+03 3.155429e+02 1.464478e+03 7.194815e-01 3.199178e-01 7.506444e-02 -1.807377e-02 1.700891e+00
7.798827e+03 3.062800e+02 1.653688e+03 6.094920e-01 2.624315e-01 3.034599e-02 -3.831705e-02 1.814001e+00
7.257872e+03 2.855117e+02 8.851493e+02 8.246740e-01 2.036516e-01 -1.468848e-01 -3.739569e-02 1.161758e+00
7.932561e+03 3.222766e+02 1.176234e+03 8.758851e-01 1.247634e-01 1.443911e-01 -7.548749e-03 1.122665e+00
7.939322e+03 2.701302e+02 1.227352e+03 5.801313e-01 3.354284e-01 6.911605e-02 4.382977e-02 1.712547e+00
7.266202e+03 3.492951e+02 9.593090e+02 3.583692e-02 1.786594e-01 -2.392361e-02 2.220240e-02 1.886531e+00
7.631558e+03 2.582511e+02 6.297214e+02 8.410830e-01 2.702241e-01 -1.004815e-01 -2.221469e-02 1.360687e+00
7.454351e+03 3.095333e+02 1.121116e+03 2.728554e-01 7.048275e-01 -1.731147e-01 -1.652051e-02 2.074795e+00
7.576346e+03 2.957209e+02 9.671181e+02 9.641378e-01 5.272302e-01 8.813915e-02 4.394978e-02 1.668397e+00
7.886941e+03 2.944808e+02 1.147334e+03 8.309819e-01 6.047101e-01 -1.062031e-01 -4.580016e-03 1.892992e+00
7.571922e+03 2.801153e+02 7.469877e+02 3.559628e-01 4.768125e-01 -2.612851e-02 3.092963e-03 2.131589e+00
7.318245e+03 2.996336e+02 1.681502e+03 1.304538e-01 8.633310e-01 -1.439933e-01 -3.546510e-03 2.539182e+00
7.519562e+03 3.124260e+02 7.153232e+02 8.485021e-01 2.312728e-01 9.633727e-03 -4.180232e-02 1.425334e+00
7.543319e+03 2.941081e+02 6.215013e+02 4.461518e-01 9.263463e-01 -7.496026e-02 -6.185866e-03 2.512019e+00
7.614627e+03 2.633817e+02 1.600588e+03 4.174358e-01 6.064235e-01 8.944527e-02 -1.241239e-02 2.189706e+00
7.616084e+03 2.850185e+02 1.541117e+03 2.654678e-01 9.234443e-03 -1.423197e-01 -3.910254e-02 1.114319e+00
7.522676e+03 2.558217e+02 6.722657e+02 5.940783e-01 2.080356e-01 -1.883570e-02 1.988615e-02 1.731552e+00
7.903581e+03 3.163873e+02 8.859644e+02 2.589037e-01 7.665774e-01 -7.729982e-02 -3.591367e-02 2.319202e+00
7.473159e+03 3.454634e+02 7.559482e+02 8.976300e-01 8.477285e-01 1.478534e-01 -2.730949e-03 2.085137e+00
7.563139e+03 2.889241e+02 1.051722e+03 2.431839e-01 8.514881e-01 1.694286e-01 3.665545e-02 2.232132e+00
7.807265e+03 3.158402e+02 7.580182e+02 8.435353e-01 6.032023e-01 1.689304e-01 -4.202268e-02 1.650188e+00
7.813185e+03 3.029336e+02 1.545276e+03 8.475339e-01 5.882777e-01 -6.817802e-02 1.586089e-03 2.057940e+00
7.338658e+03 2.804081e+02 9.353866e+02 3.782178e-01 2.643799e-01 9.990031e-02 -1.819270e-02 1.585000e+00
7.735848e+03 2.800285e+02 1.009789e+03 1.888637e-01 3.854554e-01 1.125038e-01 1.082728e-02 1.749333e+00
7.669619e+03 3.111965e+02 1.012570e+03 5.205214e-01 3.610694e-01 -1.424299e-01 2.555750e-02 1.570486e+00
7.810297e+03 2.931696e+02 1.688640e+03 1.646020e-01 4.601798e-01 -4.376025e-03 1.263081e-02 2.395561e+00
7.922822e+03 3.242179e+02 1.280301e+03 1.202645e-01 2.894548e-02 -1.200675e-01 -2.945698e-02 1.262769e+00
7.935494e+03 2.948051e+02 1.110120e+03 3.042541e-01 1.281712e-01 -1.716459e-02 -3.231570e-02 1.701601e+00
7.848133e+03 3.025176e+02 6.774232e+02 3.637732e-01 2.663067e-01 7.767722e-02 3.944910e-03 1.642359e+00
7.627941e+03 3.087198e+02 1.646339e+03 2.690356e-01 4.721237e-01 9.295268e-02 3.364223e-02 1.941011e+00
7.421793e+03 2.653060e+02 1.389817e+03 4.871627e-02 8.809782e-01 -1.148688e-01 -1.628769e-02 2.616095e+00
7.841965e+03 2.562410e+02 1.319252e+03 8.811682e-01 5.650187e-01 -1.354996e-01 5.232089e-02 1.718135e+00
7.340225e+03 3.240273e+02 1.113097e+03 6.963159e-02 9.230373e-01 7.592655e-02 -2.067958e-02 2.817059e+00
7.732816e+03 3.479666e+02 1.476322e+03 3.179795e-01 3.812713e-01 -1.301227e-01 -4.675305e-03 1.720434e+00
7.651769e+03 3.089460e+02 1.613339e+03 7.988805e-01 8.199387e-01 5.608502e-02 1.475618e-02 2.483513e+00
7.364473e+03 2.858035e+02 1.511636e+03 6.472213e-01 1.374625e-01 -1.254438e-02 -1.450295e-03 1.796455e+00
7.657352e+03 2.561625e+02 1.298447e+03 9.920576e-02 2.613232e-01 5.063918e-03 -4.304965e-02 1.857974e+00
7.768636e+03 2.540489e+02 7.927162e+02 1.012096e-01 7.084883e-01 -1.665089e-01 2.076661e-02 2.030378e+00
7.944698e+03 3.202030e+02 1.367281e+03 4.834353e-01 3.568469e-01 -4.522241e-02 -3.636437e-02 1.901568e+00
7.707130e+03 3.485307e+02 5.936760e+02 9.713512e-01 4.908498e-01 -6.054927e-04 -3.783372e-02 1.694688e+00
7.710364e+03 2.679940e+02 1.690476e+03 3.688867e-01 5.775079e-01 -1.614426e-01 3.333138e-02 1.883857e+00
7.796804e+03 3.120269e+02 1.130521e+03 5.358206e-01 3.639297e-01 -1.556031e-01 -2.128224e-03 1.561554e+00
7.644356e+03 3.160533e+02 8.423975e+02 1.370482e-01 9.135224e-01 -2.316112e-02 8.294298e-03 2.884214e+00
7.875292e+03 3.057295e+02 1.650145e+03 3.963139e-01 1.526872e-01 8.550256e-02 -1.338624e-02 1.539110e+00
7.598486e+03 2.696602e+02 1.372328e+03 1.807638e-01 4.619262e-01 1.542032e-01 -4.781729e-02 1.682972e+00
7.799228e+03 3.224165e+02 1.257442e+03 1.527448e-01 5.320723e-01 -7.610032e-02 8.955038e-03 2.108497e+00
7.958757e+03 3.063443e+02 5.663010e+02 8.685800e-01 1.968272e-01 1.321848e-01 -3.489269e-02 1.113272e+00
7.207534e+03 2.973870e+02 8.584020e+02 6.596472e-01 2.824798e-01 1.066176e-01 -4.756283e-02 1.388833e+00
7.335084e+03 3.219155e+02 9.923129e+02 2.938791e-01 4.637836e-01 1.099615e-01 -1.707268e-02 1.846352e+00
7.844167e+03 2.836243e+02 5.032715e+02 4.097478e-01 2.846491e-01 1.362815e-01 -1.294386e-02 1.453255e+00
7.770133e+03 3.133030e+02 8.937143e+02 6.778683e-01 1.631591e-01 -1.638543e-01 -3.624942e-02 1.138119e+00
7.272671e+03 2.727738e+02 6.338013e+02 3.229526e-01 2.914792e-01 -5.637435e-02 2.988945e-02 1.749923e+00
7.326957e+03 3.243629e+02 8.789412e+02 9.209753e-01 9.974445e-01 3.000928e-02 -3.720640e-02 2.762683e+00
7.372885e+03 3.374723e+02 1.229815e+03 5.290405e-01 5.023909e-01 -1.336501e-01 1.716344e-02 1.798140e+00
7.353985e+03 3.421140e+02 1.433713e+03 4.122396e-01 5.659920e-02 -3.984057e-02 -5.067458e-03 1.632676e+00
7.493016e+03 3.370938e+02 1.011169e+03 6.671014e-01 9.053955e-01 1.390796e-01 -1.056008e-02 2.331049e+00
7.866294e+03 2.786460e+02 1.467987e+03 4.325121e-01 6.471983e-01 -4.576843e-02 2.633472e-02 2.295386e+00
7.952101e+03 2.631886e+02 9.266342e+02 3.451027e-01 6.400602e-01 -7.985364e-02 3.787437e-02 2.064527e+00
7.883914e+03 3.176942e+02 8.546699e+02 1.933500e-02 2.660896e-03 -1.565132e-01 1.340492e-02 1.230373e+00
7.666199e+03 2.579949e+02 1.068381e+03 8.746438e-01 3.660414e-02 1.031640e-02 -1.028451e-02 1.431409e+00
7.993316e+03 3.494729e+02 8.208193e+02 9.526470e-01 2.926216e-01 -1.496548e-01 -1.545469e-02 1.239032e+00
7.668403e+03 2.762237e+02 5.170184e+02 1.437304e-01 4.476772e-02 4.436799e-02 -3.968705e-02 1.399525e+00
7.694084e+03 3.297355e+02 1.411999e+03 7.803562e-01 4.964561e-01 -6.917139e-02 5.398085e-03 1.933908e+00
7.708191e+03 2.667812e+02 1.173252e+03 9.101387e-01 7.446670e-01 -1.330886e-01 -4.293017e-02 1.938696e+00
7.947861e+03 2.929956e+02 1.154081e+03 4.729024e-01 7.261974e-01 -8.019738e-02 1.611864e-02 2.228799e+00
7.237678e+03 3.035699e+02 1.306236e+03 6.181260e-01 4.584845e-01 5.121861e-02 -4.525520e-02 1.987824e+00
7.983499e+03 3.252761e+02 1.534969e+03 4.008863e-01 3.018785e-01 -2.664386e-02 1.172629e-02 1.979175e+00
7.864187e+03 2.736888e+02 1.361099e+03 1.560564e-01 7.153597e-01 1.170376e-01 -5.121765e-02 2.139908e+00
7.550181e+03 3.097071e+02 1.436927e+03 7.065144e-01 8.681621e-01 -1.045841e-01 2.758606e-02 2.349491e+00
7.982590e+03 2.939620e+02 1.318028e+03 5.459236e-01 1.843245e-01 5.860930e-02 -1.928958e-02 1.608818e+00
7.331189e+03 2.933202e+02 1.493056e+03 2.787284e-01 6.664972e-01 -1.152638e-01 5.220209e-02 2.095707e+00
7.884674e+03 3.411761e+02 1.017216e+03 5.710887e-02 9.988004e-01 -1.302114e-01 -8.591284e-03 2.655792e+00
7.349655e+03 2.585982e+02 1.311174e+03 9.837701e-01 8.171434e-01 -1.486496e-01 9.640337e-03 2.069424e+00
7.793412e+03 3.365324e+02 1.504836e+03 1.518023e-02 6.183432e-02 1.024971e-01 4.166583e-02 1.471385e+00
7.817996e+03 3.305888e+02 1.348443e+03 4.211781e-01 5.900561e-01 1.126706e-02 -5.042130e-02 2.206462e+00
7.297184e+03 3.366648e+02 1.019360e+03 7.671990e-01 7.705805e-01 1.175507e-01 -4.189761e-02 2.069266e+00
7.351789e+03 2.780815e+02 1.607057e+03 1.816760e-01 3.048834e-01 -9.689459e-02 -4.435974e-03 1.781630e+00
7.920884e+03 2.831690e+02 1.032406e+03 3.419805e-01 1.253884e-01 3.728254e-02 -2.735989e-02 1.669382e+00
7.327563e+03 2.808555e+02 5.269329e+02 2.412439e-01 1.370265e-02 -1.147348e-01 1.397317e-02 1.306070e+00
7.236816e+03 3.415305e+02 5.999235e+02 9.933320e-01 6.209128e-01 1.233187e-03 -4.695767e-02 1.804765e+00
7.601037e+03 3.143143e+02 1.616523e+03 4.637798e-01 2.444580e-01 -9.589860e-02 -1.105910e-03 1.632805e+00
7.568932e+03 3.429426e+02 1.522544e+03 7.297677e-01 7.763880e-01 1.782153e-02 4.125033e-02 2.378586e+00
7.548447e+03 2.691813e+02 1.022354e+03 7.082866e-01 8.886977e-01 1.717989e-01 -1.088677e-02 2.246213e+00
7.273363e+03 3.241052e+02 1.513124e+03 8.588673e-01 2.669753e-02 4.002424e-02 -4.750061e-02 1.175411e+00
7.258765e+03 3.319562e+02 1.224164e+03 1.134553e-01 8.147668e-01 4.082557e-02 4.887630e-02 2.561769e+00
7.356790e+03 3.296305e+02 7.044742e+02 1.688863e-01 2.602511e-01 3.843311e-02 -3.773385e-03 1.880995e+00
7.685813e+03 3.140819e+02 5.396053e+02 1.193545e-01 4.018112e-01 -3.281873e-02 -5.028054e-02 1.819131e+00
7.771891e+03 3.188770e+02 1.126981e+03 5.441325e-01 5.032337e-01 -9.301950e-02 -4.127370e-03 1.890841e+00
7.655868e+03 2.643943e+02 6.406670e+02 3.369913e-01 2.672018e-01 1.266641e-01 -3.776864e-02 1.405632e+00
7.574368e+03 3.367775e+02 7.639119e+02 4.966258e-01 6.708583e-01 8.660697e-02 -2.669605e-02 2.107535e+00
7.386843e+03 3.050421e+02 6.286454e+02 3.159634e-01 4.483244e-01 -4.352734e-02 -4.633441e-02 1.886426e+00
7.722630e+03 2.623430e+02 9.514348e+02 8.831032e-01 2.057384e-01 -5.732602e-02 -3.238570e-03 1.439294e+00
7.423889e+03 3.126350e+02 1.343139e+03 6.697068e-01 1.744930e-01 -7.213587e-02 -3.694368e-02 1.453573e+00
7.899146e+03 3.386766e+02 5.059344e+02 5.039319e-01 3.113980e-01 -8.037526e-02 -3.478865e-02 1.527811e+00
7.740807e+03 2.590555e+02 5.379529e+02 3.491349e-01 4.385542e-01 7.957968e-02 2.061477e-02 1.799391e+00
7.633380e+03 3.262665e+02 1.041547e+03 7.417554e-01 7.019446e-01 -7.529179e-02 -9.865373e-03 2.162604e+00
7.325550e+03 2.725613e+02 9.256487e+02 3.916297e-01 7.558363e-01 8.491725e-02 4.223876e-02 2.209755e+00
7.719514e+03 2.638324e+02 5.609536e+02 3.145054e-01 9.120403e-01 -9.032567e-02 -1.529473e-02 2.441112e+00
7.405350e+03 2.620977e+02 1.537982e+03 8.986127e-01 7.503028e-01 1.533422e-01 -2.455550e-02 2.068313e+00
7.900418e+03 3.487995e+02 6.626628e+02 8.029614e-01 6.502410e-02 1.443712e-02 2.457210e-03 1.447152e+00
7.214665e+03 2.642831e+02 1.137190e+03 8.340375e-04 1.216943e-02 1.058751e-01 -2.484377e-03 1.390394e+00
7.961399e+03 2.524803e+02 1.286580e+03 9.185106e-01 8.434775e-01 1.399558e-01 1.338559e-02 2.125494e+00
7.969754e+03 3.358830e+02 9.158561e+02 6.842403e-01 2.493665e-01 -9.997078e-02 -3.075944e-02 1.405231e+00
7.462833e+03 3.348764e+02 1.472215e+03 5.311786e-02 9.329257e-01 1.558570e-01 -2.758487e-02 2.593927e+00
7.672384e+03 3.119834e+02 1.210624e+03 1.086398e-01 6.054114e-01 1.503204e-01 -3.667887e-02 1.925666e+00
7.325757e+03 3.476167e+02 7.394356e+02 3.843114e-01 8.161325e-01 -8.617394e-02 3.150450e-02 2.273449e+00
7.622510e+03 2.676334e+02 7.675727e+02 5.214555e-01 1.938323e-01 4.600690e-02 -4.136970e-02 1.519723e+00
7.295060e+03 3.072700e+02 8.501194e+02 7.340858e-01 6.276785e-01 -1.030889e-01 -3.237238e-02 1.910795e+00
7.485425e+03 2.630271e+02 1.555299e+03 4.422026e-01 2.867996e-01 -1.133260e-01 2.770853e-02 1.616875e+00
7.700097e+03 2.953931e+02 9.966005e+02 9.143639e-01 1.530219e-01 -2.891873e-02 5.100565e-02 1.405510e+00
7.523586e+03 2.910117e+02 5.493095e+02 1.820033e-01 4.310805e-01 -9.623763e-02 2.153490e-02 1.789919e+00
7.455534e+03 2.864145e+02 7.798125e+02 1.295018e-01 7.493808e-01 6.329869e-02 3.482861e-02 2.309404e+00
7.247430e+03 3.064952e+02 7.307998e+02 8.029287e-02 3.770659e-01 1.109031e-01 -1.754807e-02 1.721503e+00
7.323292e+03 3.329820e+02 1.166731e+03 5.506994e-02 1.045498e-01 1.733514e-01 8.848048e-04 1.315438e+00
7.407793e+03 3.489206e+02 5.727530e+02 2.614385e-01 8.595259e-02 2.614969e-02 -4.353357e-02 1.441312e+00
7.899330e+03 2.802682e+02 1.690090e+03 2.209439e-01 2.489147e-01 1.699997e-01 3.609310e-02 1.472324e+00
7.926701e+03 2.745017e+02 9.404255e+02 9.922134e-01 5.168091e-01 3.749416e-02 4.700590e-02 1.696887e+00
7.255143e+03 3.210041e+02 1.662519e+03 3.350180e-01 4.552453e-01 -1.171854e-01 -2.942055e-02 1.883692e+00
7.397489e+03 2.742723e+02 1.143009e+03 3.213623e-02 9.529838e-01 1.531599e-01 2.718155e-02 2.527581e+00
7.772613e+03 3.410187e+02 1.581113e+03 1.579297e-01 7.460079e-02 8.642358e-02 -8.755710e-03 1.518768e+00
7.482160e+03 3.282103e+02 1.393879e+03 9.580522e-01 9.492839e-01 1.347261e-01 2.363961e-02 2.295005e+00
7.868828e+03 2.976044e+02 9.246506e+02 8.809459e-03 2.933455e-01 5.518522e-02 -1.675765e-02 1.879414e+00
7.226936e+03 3.316474e+02 5.763210e+02 8.612988e-01 4.070063e-01 1.277027e-01 -4.581392e-02 1.389321e+00
7.726036e+03 2.664178e+02 1.292736e+03 4.588621e-01 9.479741e-02 -2.722854e-02 -4.345594e-03 1.712348e+00
7.604313e+03 2.722159e+02 5.130008e+02 8.225616e-01 4.035344e-01 4.477644e-02 1.845040e-02 1.700253e+00
7.809338e+03 3.389454e+02 1.030172e+03 9.088056e-01 6.507214e-01 1.734916e-01 1.931914e-02 1.765199e+00
7.850212e+03 2.805164e+02 1.603879e+03 7.420830e-01 9.479425e-01 -7.244016e-02 1.745566e-02 2.627535e+00
7.225286e+03 3.038555e+02 1.343966e+03 1.546675e-01 3.931131e-01 -1.686048e-01 -4.787591e-03 1.681139e+00
7.701270e+03 2.613461e+02 8.910429e+02 4.526783e-01 8.781569e-01 -1.622901e-01 -1.010003e-03 2.288715e+00
7.287645e+03 2.607257e+02 1.021481e+03 8.467740e-01 8.983338e-01 -1.113336e-01 -3.156887e-02 2.305709e+00
7.506547e+03 2.809132e+02 1.624345e+03 8.136390e-01 3.520764e-01 1.547074e-01 -1.690750e-03 1.515102e+00
7.400292e+03 3.117182e+02 1.563378e+03 1.324734e-01 5.116284e-01 1.038184e-01 -2.880153e-02 2.033371e+00
7.654779e+03 3.028138e+02 1.080151e+03 1.396749e-01 3.332932e-01 -2.621551e-02 5.383275e-04 2.080846e+00
7.201369e+03 2.646052e+02 1.006097e+03 7.789526e-01 2.737567e-01 -1.379228e-01 1.862582e-03 1.404333e+00
7.929993e+03 3.439248e+02 1.357605e+03 5.810411e-01 6.417709e-01 1.578016e-01 -1.373198e-02 1.942443e+00
7.764404e+03 3.226431e+02 1.366106e+03 5.463087e-02 9.666082e-01 -1.229080e-01 -3.204221e-02 2.679358e+00
7.593595e+03 2.626155e+02 1.425958e+03 8.524401e-01 4.824219e-01 -4.127974e-02 3.708628e-02 1.923047e+00
7.827798e+03 3.214710e+02 6.595475e+02 1.221967e-01 2.547210e-02 -8.649543e-02 -3.027571e-02 1.321386e+00
7.815993e+03 2.914484e+02 6.780777e+02 5.167207e-01 6.663328e-02 -6.649860e-02 -2.646684e-02 1.345257e+00
7.255821e+03 3.040456e+02 5.425375e+02 5.251086e-01 1.578575e-01 5.401515e-02 3.543829e-03 1.553149e+00
7.482448e+03 2.965521e+02 1.216875e+03 7.607840e-01 1.110115e-01 6.108129e-02 -4.913634e-02 1.265500e+00
7.355093e+03 3.127595e+02 1.058861e+03 9.485119e-01 2.237726e-01 -6.846582e-02 -9.631149e-03 1.373455e+00
7.459120e+03 3.215986e+02 1.261932e+03 4.400297e-01 1.956309e-01 -8.237746e-03 1.663322e-04 1.938158e+00
7.488175e+03 3.008687e+02 1.077398e+03 2.481303e-01 3.290741e-01 1.512209e-01 -4.740799e-02 1.458939e+00
7.927955e+03 3.102143e+02 1.149818e+03 8.661475e-01 3.693990e-01 -8.923209e-02 2.314516e-02 1.586182e+00
7.648259e+03 2.930100e+02 6.259671e+02 8.361804e-01 9.778125e-01 8.095765e-02 2.886951e-02 2.323719e+00
7.839379e+03 2.989790e+02 1.399328e+03 1.928453e-01 5.555487e-01 -1.287737e-01 4.562189e-02 1.906677e+00
7.706199e+03 3.129944e+02 1.218378e+03 5.150280e-01 8.131914e-02 -3.407002e-02 2.951771e-02 1.609706e+00
7.985853e+03 2.824809e+02 9.530637e+02 7.954998e-03 3.246572e-01 6.271242e-02 7.371392e-03 1.878263e+00
7.852669e+03 2.537443e+02 1.488651e+03 2.714446e-01 9.008845e-01 1.178219e-01 -2.955341e-02 2.564225e+00
7.694568e+03 3.165108e+02 1.415156e+03 6.537718e-01 4.975815e-02 -1.702421e-01 -6.860430e-03 1.096706e+00
7.898225e+03 2.898566e+02 1.373568e+03 5.278404e-01 5.965443e-01 -1.612444e-01 -1.037739e-02 1.881932e+00
7.200391e+03 2.847372e+02 1.091392e+03 9.898164e-01 5.858730e-01 1.411448e-01 2.114581e-02 1.680748e+00
7.228155e+03 3.406732e+02 1.648375e+03 1.273807e-01 3.546178e-01 -6.343984e-02 3.628980e-02 1.938521e+00
7.962742e+03 2.882381e+02 1.586080e+03 4.591367e-01 2.455004e-01 -1.755601e-02 -2.204686e-02 2.006089e+00
7.855234e+03 3.385016e+02 1.585957e+03 7.147925e-01 9.848626e-01 -7.753402e-02 4.347757e-02 2.585039e+00
7.595813e+03 2.541639e+02 7.419987e+02 4.829926e-01 4.775026e-01 -9.343683e-02 -9.723759e-03 1.817660e+00
7.693486e+03 3.043055e+02 1.244842e+03 3.675008e-01 1.465556e-01 -1.135676e-02 -3.647054e-02 1.698834e+00
7.909795e+03 2.523425e+02 9.060327e+02 3.397763e-02 5.468858e-01 -4.612465e-02 -1.674860e-02 2.263696e+00
7.992542e+03 3.003539e+02 8.108529e+02 4.037413e-01 1.021912e-01 9.201445e-02 -1.706025e-02 1.372482e+00
7.699178e+03 3.205398e+02 1.460647e+03 2.345141e-02 6.248454e-01 1.329361e-01 3.154801e-02 2.052884e+00
7.993891e+03 2.612129e+02 1.023714e+03 9.751026e-01 7.914549e-01 1.461949e-01 -2.405107e-02 1.975656e+00
7.871789e+03 2.666308e+02 5.711052e+02 2.921006e-01 2.478561e-01 -2.574399e-02 4.273202e-02 1.764457e+00
7.539134e+03 3.192596e+02 1.617446e+03 9.214638e-01 8.267641e-01 -1.540435e-01 -4.927369e-02 2.090683e+00
7.434546e+03 3.077006e+02 1.254236e+03 4.955895e-01 7.079884e-01 8.313974e-02 -4.500603e-02 2.225719e+00
7.572485e+03 2.947739e+02 7.018865e+02 3.898092e-01 9.449729e-01 -1.737800e-01 1.883369e-02 2.320480e+00
7.730259e+03 2.900504e+02 6.102156e+02 9.079357e-01 2.073250e-01 1.430754e-01 -2.484576e-02 1.132631e+00
7.912408e+03 3.094761e+02 8.672291e+02 8.953993e-01 1.199168e-01 -1.384046e-01 -1.669159e-03 1.097849e+00
7.766945e+03 2.859199e+02 1.269556e+03 7.254988e-01 9.318745e-01 1.745153e-01 4.501921e-02 2.243719e+00
7.510041e+03 2.698365e+02 1.016519e+03 4.497503e-01 8.043428e-01 -4.499381e-02 5.087848e-02 2.377028e+00
7.363967e+03 2.874811e+02 1.499160e+03 6.618047e-01 4.516072e-01 1.563698e-01 -2.035042e-02 1.677376e+00
7.998122e+03 2.823896e+02 7.354878e+02 7.006223e-01 3.158797e-01 -7.297037e-02 -1.894972e-03 1.604195e+00
7.362778e+03 2.659405e+02 1.531438e+03 3.401672e-01 9.915388e-01 6.517858e-02 1.642096e-02 2.956557e+00
7.642645e+03 3.403198e+02 1.327393e+03 2.013367e-01 6.191702e-01 -1.677705e-01 5.213495e-02 1.918207e+00
7.202327e+03 3.351618e+02 1.346747e+03 4.251310e-02 3.670113e-01 -1.833083e-02 -7.222057e-03 2.329434e+00
7.926396e+03 2.505261e+02 1.076783e+03 6.688684e-01 9.570321e-01 1.090538e-01 -9.836351e-03 2.495961e+00
7.286064e+03 3.459268e+02 1.658206e+03 2.028005e-01 8.421198e-01 -8.602761e-03 -3.540564e-02 3.134812e+00
7.504881e+03 2.920548e+02 1.231048e+03 5.421727e-01 7.970673e-01 -3.037126e-02 2.960645e-02 2.528100e+00
7.759881e+03 3.018417e+02 1.654770e+03 5.380726e-01 1.915595e-01 -1.476267e-01 2.807596e-02 1.402242e+00
7.434124e+03 2.714542e+02 6.457516e+02 9.451213e-01 7.128359e-01 9.412909e-02 1.320863e-02 1.894776e+00
7.606168e+03 3.118503e+02 6.041116e+02 6.419825e-01 7.633403e-01 -2.905555e-02 4.858512e-02 2.155441e+00
7.566405e+03 3.146553e+02 9.326126e+02 5.851748e-01 6.086451e-01 -7.573078e-02 2.094175e-02 2.012215e+00
7.950347e+03 3.167106e+02 6.475270e+02 6.661796e-01 4.022940e-02 2.251296e-02 -1.187692e-02 1.466090e+00
7.974516e+03 3.442807e+02 1.519613e+03 7.527663e-02 7.711826e-01 6.953603e-03 2.649013e-02 2.692198e+00
7.643886e+03 3.013062e+02 7.065998e+02 2.210567e-01 7.998322e-01 4.156092e-03 1.140932e-02 2.679670e+00
7.746454e+03 3.438906e+02 1.174728e+03 3.273496e-01 9.880561e-01 8.349979e-03 -3.717415e-02 3.130932e+00
7.555331e+03 3.441412e+02 1.325572e+03 3.230260e-01 6.462415e-01 -1.658347e-01 6.278051e-03 2.000537e+00
7.334039e+03 2.571669e+02 7.265088e+02 2.849851e-01 7.864452e-01 6.998342e-02 -1.657599e-02 2.401059e+00
7.847443e+03 2.588301e+02 1.321567e+03 5.985774e-01 5.435323e-01 1.316577e-01 -1.759869e-02 1.847543e+00
7.957588e+03 3.032409e+02 1.329680e+03 2.192052e-01 4.348216e-01 -9.736386e-02 -4.948947e-02 1.764827e+00
7.534419e+03 3.049546e+02 8.828805e+02 4.141802e-01 1.441820e-01 4.206720e-03 -4.544531e-02 1.497077e+00
7.879019e+03 3.175300e+02 6.053151e+02 9.351544e-01 3.056612e-01 1.163889e-01 -6.939063e-03 1.308636e+00
7.606851e+03 2.587266e+02 1.432754e+03 8.916390e-01 7.386341e-01 -6.988680e-02 -3.004003e-02 2.298816e+00
7.928320e+03 3.383488e+02 7.934085e+02 4.898095e-01 9.392696e-01 1.569072e-01 -9.313013e-03 2.351783e+00
7.845387e+03 3.405780e+02 8.700466e+02 9.293519e-01 4.577526e-01 2.739590e-02 -3.878140e-02 1.753725e+00
7.265006e+03 3.396293e+02 1.491336e+03 5.397111e-01 5.933356e-01 -5.168754e-02 9.091990e-03 2.271411e+00
7.393472e+03 2.517909e+02 8.197352e+02 8.279510e-01 4.458903e-01 -1.412730e-01 -5.081382e-02 1.454286e+00
7.763177e+03 2.519036e+02 7.592488e+02 1.138246e-02 6.301309e-02 9.803558e-02 -1.274925e-02 1.417452e+00
7.515754e+03 2.815685e+02 7.848687e+02 5.240488e-02 5.593112e-01 4.193069e-02 -4.393132e-02 2.187794e+00
7.712623e+03 3.107812e+02 1.397302e+03 2.851422e-01 7.241723e-01 1.298861e-01 -6.519569e-03 2.218447e+00
7.303639e+03 2.814692e+02 1.427847e+03 7.305400e-01 6.595627e-01 -1.022344e-01 5.184439e-02 1.991413e+00
7.381548e+03 2.560851e+02 8.296999e+02 7.158550e-01 7.175219e-02 -9.060296e-02 -5.466057e-04 1.278784e+00
7.632748e+03 3.164332e+02 1.033072e+03 5.978309e-01 6.372397e-01 8.284438e-02 7.453914e-03 2.067035e+00
7.879958e+03 2.985378e+02 1.451524e+03 4.565340e-01 9.455472e-01 -1.317992e-01 4.456252e-02 2.440498e+00
7.512207e+03 3.075979e+02 5.803267e+02 9.645362e-03 8.248898e-01 5.743738e-02 -1.841714e-02 2.550121e+00
7.324126e+03 3.440867e+02 1.209451e+03 4.933944e-01 7.481462e-01 1.527058e-01 2.465041e-02 2.097591e+00
7.347435e+03 2.663668e+02 8.958694e+02 7.014473e-01 8.406143e-01 -5.054078e-02 -4.900113e-02 2.449071e+00
7.383264e+03 2.757385e+02 1.122556e+03 6.130339e-01 4.002175e-01 1.553364e-01 5.063605e-02 1.571515e+00
7.853527e+03 2.871049e+02 6.184525e+02 1.487440e-01 4.950824e-01 6.120818e-02 -4.456994e-02 1.909119e+00
7.664059e+03 3.244909e+02 1.181883e+03 6.946520e-01 4.847531e-01 -1.395964e-01 8.771954e-03 1.711243e+00
7.575612e+03 3.353235e+02 1.633576e+03 4.670390e-01 8.289280e-01 -5.331032e-02 2.828054e-02 2.601148e+00
7.589647e+03 2.683949e+02 7.609482e+02 9.045729e-01 8.836640e-02 1.644147e-01 -4.400661e-02 8.913521e-01
7.779983e+03 3.106805e+02 1.172236e+03 4.284441e-01 5.526934e-01 7.626059e-02 1.238635e-02 2.038376e+00
7.826462e+03 3.462778e+02 1.514086e+03 6.554471e-01 5.459336e-02 -5.436564e-02 -2.090049e-02 1.431931e+00
7.583132e+03 2.968527e+02 1.064084e+03 6.950020e-01 6.671138e-01 1.604091e-01 1.458363e-02 1.901407e+00
