7.833963e+03 2.548275e+02 1.373441e+03 9.488921e-01 5.746516e-01 1.791825e-02 -3.890354e-02 2.399448e+00
7.235431e+03 3.287254e+02 1.220598e+03 4.912413e-01 5.758449e-01 8.436012e-02 -1.227387e-02 2.331952e+00
7.942447e+03 2.818426e+02 1.543641e+03 7.203579e-01 1.578951e-01 9.716678e-02 5.100430e-02 1.463859e+00
7.518638e+03 2.514614e+02 7.352019e+02 6.350998e-01 5.382792e-01 1.417193e-01 -5.147479e-02 1.720146e+00
7.657487e+03 2.533620e+02 7.890556e+02 9.050284e-01 9.228607e-01 -1.434061e-01 2.103442e-02 2.306501e+00
7.509214e+03 3.267192e+02 1.464074e+03 9.672989e-01 1.464719e-02 -3.084349e-02 4.187719e-02 1.244242e+00
7.598148e+03 2.599189e+02 1.306238e+03 6.224599e-02 4.340287e-02 -1.462875e-01 -2.576169e-02 1.301538e+00
7.532606e+03 2.673775e+02 7.001536e+02 6.571954e-01 7.883893e-01 -6.529307e-02 3.372614e-02 2.346204e+00
7.933468e+03 2.510978e+02 1.051603e+03 8.755521e-01 8.235696e-02 5.906579e-02 4.686228e-02 1.361731e+00
7.481951e+03 2.736680e+02 1.452145e+03 7.769452e-02 7.986386e-01 6.300254e-02 4.096049e-02 2.811119e+00
7.928168e+03 2.861961e+02 1.211870e+03 9.610032e-01 1.166393e-01 1.197411e-01 1.217630e-02 1.168455e+00
7.609285e+03 2.583824e+02 1.046335e+03 6.169818e-01 5.155856e-01 9.398198e-02 -5.805842e-03 2.048192e+00
7.656602e+03 3.269087e+02 1.535318e+03 2.254495e-01 5.017697e-01 -3.958683e-02 -8.731245e-04 2.570780e+00
7.228035e+03 3.205048e+02 1.088609e+03 7.897644e-01 7.339271e-01 8.284338e-02 3.532852e-02 2.302233e+00
7.973244e+03 3.243461e+02 1.484647e+03 3.433898e-01 8.236644e-01 4.920550e-02 -3.862760e-02 3.108458e+00
7.309739e+03 2.643695e+02 7.865441e+02 1.923594e-01 3.624993e-01 -7.540003e-02 -3.100076e-02 1.923233e+00
7.797741e+03 2.965844e+02 5.948756e+02 5.315550e-01 4.977407e-01 2.230990e-02 3.824402e-02 2.017374e+00
7.990221e+03 3.153726e+02 1.029659e+03 3.216885e-01 2.217231e-01 1.573808e-02 -4.011531e-02 1.865368e+00
7.275165e+03 2.791132e+02 1.387126e+03 3.663534e-01 4.955904e-01 -6.748153e-02 4.410588e-02 2.159431e+00
7.738990e+03 2.566522e+02 1.298250e+03 4.870557e-01 9.449914e-01 1.695761e-01 4.456589e-02 2.534982e+00
7.478528e+03 2.942671e+02 1.044989e+03 9.749538e-01 8.645343e-01 -6.870923e-02 -3.181825e-02 2.656638e+00
7.489264e+03 3.430790e+02 1.192319e+03 3.621331e-01 3.524287e-01 -7.913849e-02 -4.261621e-02 1.897587e+00
7.449518e+03 3.364716e+02 1.613637e+03 7.883241e-01 6.249700e-01 8.025682e-02 4.732128e-02 2.222760e+00
7.848799e+03 3.093795e+02 5.973400e+02 8.326145e-01 4.253970e-01 -5.842417e-02 2.283882e-02 1.758601e+00
7.404096e+03 3.061654e+02 1.597547e+03 6.749637e-02 2.388808e-01 1.596626e-03 -5.455655e-03 2.409879e+00
7.830442e+03 3.308148e+02 1.082840e+03 4.821974e-01 7.430093e-01 -2.974818e-02 3.390370e-02 2.597366e+00
7.586708e+03 2.637821e+02 1.182094e+03 5.657614e-01 9.432147e-01 -1.589801e-01 7.691766e-03 2.608802e+00
7.239484e+03 2.959149e+02 1.248193e+03 7.115801e-01 5.246321e-02 1.003682e-01 3.991560e-02 1.309142e+00
7.755184e+03 3.375548e+02 1.229735e+03 3.763429e-01 3.877437e-01 1.229973e-01 3.162389e-02 1.785572e+00
7.703240e+03 3.280867e+02 8.174388e+02 7.249136e-01 4.991952e-02 -5.326988e-02 -1.204270e-02 1.392653e+00
7.564689e+03 3.039665e+02 1.318639e+03 3.300975e-01 7.345634e-01 -6.619221e-02 -2.725656e-02 2.819745e+00
7.453651e+03 3.224276e+02 6.468995e+02 9.468060e-01 7.652153e-02 -1.425527e-01 4.993729e-02 1.048103e+00
7.735251e+03 2.912766e+02 1.425729e+03 9.638299e-01 5.225279e-01 -2.048072e-03 3.632608e-02 2.091793e+00
7.633882e+03 2.613574e+02 1.177533e+03 8.144337e-01 7.445630e-01 1.629148e-01 -4.055972e-02 2.109179e+00
7.320180e+03 2.932621e+02 1.376038e+03 6.787605e-01 5.487939e-01 -1.066259e-01 -1.826671e-02 2.171235e+00
7.240113e+03 3.000958e+02 1.324322e+03 1.418519e-01 1.910424e-01 1.376301e-01 1.733960e-02 1.570641e+00
7.267980e+03 3.447963e+02 1.337941e+03 3.737117e-01 9.801792e-01 -1.348806e-01 -4.254110e-04 2.949750e+00
7.907083e+03 3.261592e+02 6.254057e+02 4.167670e-01 1.001764e-01 1.310356e-01 5.865699e-04 1.312159e+00
7.827656e+03 3.030270e+02 9.903656e+02 5.802006e-01 1.667676e-01 1.434769e-01 1.490962e-02 1.367162e+00
7.425526e+03 3.410617e+02 1.191042e+03 9.257687e-02 3.485835e-01 6.800938e-02 2.522155e-02 2.007631e+00
7.771145e+03 2.635896e+02 1.413515e+03 6.823398e-01 4.512757e-01 -7.293101e-03 -1.515001e-02 2.557890e+00
7.466981e+03 2.973060e+02 7.317513e+02 9.286729e-01 1.021732e-01 7.864178e-02 3.194639e-02 1.238734e+00
7.813833e+03 3.448602e+02 1.148129e+03 2.997964e-01 1.431546e-01 -5.291914e-02 -3.578469e-02 1.705491e+00
7.826494e+03 3.473706e+02 7.576729e+02 5.825091e-01 4.439487e-01 1.565287e-01 -2.555085e-02 1.665491e+00
7.983998e+03 3.038914e+02 1.047425e+03 8.531267e-01 7.831282e-01 5.038554e-03 -5.179726e-02 2.558888e+00
7.404861e+03 3.033449e+02 5.609411e+02 9.166227e-01 3.368654e-02 1.055199e-01 -2.823124e-03 1.029648e+00
7.443109e+03 2.771748e+02 1.213041e+03 1.583778e-01 9.572556e-01 3.655352e-03 -4.648473e-02 3.465160e+00
7.781767e+03 2.522109e+02 7.986579e+02 6.716969e-01 1.444673e-01 9.628752e-02 -2.258482e-02 1.392045e+00
7.870895e+03 3.300956e+02 1.467767e+03 3.783639e-01 7.071624e-01 -1.024155e-01 3.132107e-02 2.383639e+00
7.930913e+03 3.471363e+02 8.822248e+02 4.598001e-01 7.714889e-01 -3.662347e-02 2.154212e-02 2.603838e+00
7.503385e+03 3.083795e+02 1.502082e+03 3.120394e-01 7.778435e-01 1.445533e-01 2.027255e-02 2.467076e+00
7.512595e+03 2.698168e+02 1.133114e+03 5.022852e-01 9.523816e-01 1.379627e-01 -2.401954e-02 2.751087e+00
7.265282e+03 3.346872e+02 6.728372e+02 6.423322e-01 4.059452e-02 -4.205167e-04 -5.004730e-02 1.272001e+00
7.271894e+03 2.882402e+02 6.806610e+02 6.696734e-01 1.342757e-01 5.894476e-02 5.230453e-02 1.508852e+00
7.832484e+03 3.171835e+02 1.660758e+03 2.253414e-02 5.214793e-01 4.512860e-03 4.424877e-02 2.417393e+00
7.277734e+03 2.933485e+02 8.573936e+02 9.647451e-02 9.679342e-01 -2.017549e-02 3.594718e-03 3.489004e+00
7.630288e+03 3.312588e+02 1.540946e+03 6.121619e-01 4.777054e-01 -4.669596e-02 2.562608e-02 2.231166e+00
7.668113e+03 3.178283e+02 1.276685e+03 1.686048e-01 3.515110e-01 1.366053e-01 -1.131229e-03 1.792987e+00
7.516116e+03 2.581914e+02 1.179470e+03 8.900012e-01 9.991736e-01 8.954337e-02 1.447766e-02 2.814144e+00
7.373202e+03 3.389532e+02 1.625816e+03 2.054639e-01 9.790713e-01 -1.249991e-01 2.190277e-02 3.031771e+00
7.621449e+03 2.641933e+02 6.693223e+02 7.368234e-02 4.022457e-01 7.495881e-02 3.825465e-03 1.976069e+00
7.466135e+03 2.738246e+02 1.691532e+03 2.273086e-01 3.808886e-02 1.152383e-01 3.787682e-02 1.404763e+00
7.970852e+03 3.345705e+02 1.174135e+03 2.463530e-03 3.868545e-01 8.361252e-02 1.707419e-02 2.004929e+00
7.579252e+03 2.766988e+02 1.351707e+03 2.806547e-01 2.811318e-01 1.076953e-01 2.531566e-02 1.744044e+00
7.927784e+03 2.568041e+02 1.604934e+03 9.727776e-01 3.094825e-01 7.647982e-02 -2.684892e-02 1.667094e+00
7.280216e+03 3.092891e+02 1.058178e+03 7.788871e-01 3.374189e-01 -2.288253e-03 -4.083262e-02 1.946414e+00
7.326551e+03 2.852558e+02 1.655178e+03 4.681844e-02 9.401129e-01 -1.694098e-01 3.655884e-02 2.776613e+00
7.254268e+03 3.393155e+02 1.503333e+03 4.223462e-01 8.308206e-01 -1.237543e-03 8.788617e-03 3.485225e+00
7.483204e+03 3.166863e+02 9.823138e+02 2.854559e-01 1.999404e-01 -4.244318e-02 4.561040e-02 1.775474e+00
7.280860e+03 2.926461e+02 7.839716e+02 2.732139e-01 4.845841e-01 1.726160e-01 -5.476103e-04 1.809990e+00
7.565246e+03 3.176817e+02 7.410941e+02 2.396838e-01 4.682168e-01 5.771976e-02 4.885427e-02 2.017544e+00
7.975469e+03 2.834492e+02 7.429324e+02 3.254513e-01 9.682604e-01 -5.786634e-03 5.794205e-03 3.304047e+00
7.793014e+03 2.782559e+02 7.372979e+02 5.573243e-01 3.533485e-01 7.159036e-02 -3.044466e-02 1.797557e+00
7.287478e+03 3.438589e+02 5.621942e+02 4.503708e-01 6.701617e-01 -4.592439e-02 4.272936e-02 2.247928e+00
7.718843e+03 2.595422e+02 5.926895e+02 6.020823e-01 1.951315e-01 1.386893e-01 7.468187e-04 1.370068e+00
7.726370e+03 2.579968e+02 1.132186e+03 1.149517e-01 1.396909e-02 9.982480e-02 -2.048484e-02 1.396372e+00
7.677441e+03 3.313156e+02 1.188455e+03 4.674185e-01 1.642592e-01 3.468076e-02 -1.276382e-02 1.866077e+00
7.956749e+03 2.515134e+02 6.573556e+02 1.202719e-01 5.147713e-01 7.988202e-02 -4.506349e-02 2.003267e+00
7.487285e+03 2.743859e+02 8.308723e+02 8.190422e-01 9.695069e-01 -1.386276e-01 4.549317e-02 2.400040e+00
7.804157e+03 2.820690e+02 1.427686e+03 3.347113e-01 6.601994e-02 2.620739e-02 3.047227e-02 1.708096e+00
7.477382e+03 2.966900e+02 1.081712e+03 9.188909e-01 7.399047e-02 1.126185e-01 2.424411e-03 1.161728e+00
7.282943e+03 3.353546e+02 9.596905e+02 6.736339e-01 9.772992e-02 -7.410539e-02 1.405355e-02 1.446501e+00
7.818840e+03 2.903638e+02 1.109719e+03 8.274959e-02 4.380005e-01 -1.551808e-02 1.106327e-02 2.427821e+00
7.515526e+03 3.390845e+02 1.256867e+03 9.973757e-01 8.509863e-01 -1.195649e-01 -4.917113e-03 2.419214e+00
7.205813e+03 2.810883e+02 6.176303e+02 2.014207e-01 5.568402e-02 8.753314e-02 -3.069830e-02 1.384042e+00
7.752847e+03 3.334646e+02 5.241742e+02 9.137898e-01 8.592939e-01 -7.158689e-02 -2.177181e-02 2.362607e+00
7.511688e+03 3.399436e+02 1.375325e+03 3.416059e-01 2.748364e-01 2.765115e-02 1.701925e-02 2.070958e+00
7.263110e+03 2.564507e+02 6.104648e+02 9.224914e-01 8.327870e-01 1.258142e-01 2.720670e-02 2.125341e+00
7.669689e+03 2.955550e+02 9.027910e+02 7.713009e-01 5.093251e-01 -8.278503e-02 4.377385e-02 1.877886e+00
7.392686e+03 3.052873e+02 5.536968e+02 8.783122e-01 2.173983e-01 -7.240069e-02 8.393202e-03 1.419866e+00
7.559730e+03 3.064117e+02 5.318808e+02 8.121947e-01 5.720917e-01 1.091434e-02 4.823901e-02 1.933215e+00
7.283485e+03 3.252004e+02 1.438769e+03 3.938476e-01 8.450131e-01 7.376835e-02 -3.488140e-02 3.052067e+00
7.806740e+03 3.255578e+02 1.448516e+03 5.440849e-01 1.697169e-01 8.901466e-02 3.077783e-02 1.573126e+00
7.736801e+03 3.233212e+02 1.228762e+03 8.234871e-01 6.674289e-01 -1.518079e-01 -4.207783e-02 2.010309e+00
7.464339e+03 2.845297e+02 1.524496e+03 5.769725e-01 6.195520e-01 -9.937356e-02 9.890549e-04 2.350931e+00
7.230136e+03 3.359598e+02 9.169911e+02 6.174304e-01 1.979902e-01 -1.945424e-02 -2.912467e-03 1.898756e+00
7.291308e+03 2.887853e+02 1.638227e+03 1.226658e-01 1.705833e-01 -9.913334e-02 1.374169e-02 1.697182e+00
7.594479e+03 3.022837e+02 5.573303e+02 6.639448e-01 3.494469e-01 1.827313e-02 4.527929e-02 1.763488e+00
7.361678e+03 3.444655e+02 1.678375e+03 4.003661e-01 8.990721e-01 -7.335034e-02 1.142606e-02 3.170626e+00
7.916909e+03 2.886501e+02 1.080233e+03 3.977168e-01 2.285364e-02 7.589970e-02 -2.115595e-02 1.420401e+00
7.679647e+03 3.065236e+02 1.215061e+03 1.781683e-01 4.613602e-01 1.732026e-01 -2.267420e-02 1.829753e+00
7.556589e+03 3.348987e+02 8.590297e+02 3.480918e-01 2.626537e-01 -3.161706e-02 -1.533188e-03 1.998520e+00
7.380628e+03 2.538586e+02 1.150382e+03 3.842756e-01 1.897719e-01 1.046734e-01 -4.606069e-02 1.480336e+00
7.374390e+03 2.897374e+02 9.227768e+02 3.189720e-04 7.520117e-01 -9.052030e-02 -3.401934e-02 2.578994e+00
7.325522e+03 3.376307e+02 1.586314e+03 5.758090e-01 3.073517e-01 6.363069e-02 3.770220e-02 1.884448e+00
7.385689e+03 3.095615e+02 1.672485e+03 7.063999e-01 2.307991e-01 1.742789e-01 -5.112303e-02 1.317741e+00
7.438072e+03 3.457973e+02 5.195067e+02 5.249032e-01 2.975146e-01 1.065053e-01 2.823850e-02 1.573126e+00
7.993364e+03 3.145856e+02 6.432071e+02 7.635655e-01 6.684885e-01 -6.261234e-02 2.846791e-02 2.097917e+00
7.952830e+03 3.090877e+02 1.224728e+03 2.227741e-01 2.227239e-01 1.716205e-01 -6.456834e-03 1.465408e+00
7.708492e+03 2.875180e+02 1.146224e+03 9.888575e-01 9.249637e-01 -1.429370e-01 4.035919e-03 2.419888e+00
7.676492e+03 3.315500e+02 1.114800e+03 5.641008e-01 4.270672e-01 1.519641e-01 3.597942e-02 1.702601e+00
7.835334e+03 2.752969e+02 1.205578e+03 7.231139e-01 2.693170e-01 1.408866e-01 8.832602e-03 1.499760e+00
7.453300e+03 2.825287e+02 9.981365e+02 3.426259e-01 4.788843e-01 -1.045465e-01 -2.507554e-02 2.028424e+00
7.903058e+03 3.294344e+02 1.288861e+03 4.898980e-02 5.631267e-01 -6.386935e-02 1.212943e-02 2.405995e+00
7.714401e+03 2.529796e+02 7.554739e+02 7.140691e-01 6.827846e-02 1.035019e-01 9.185885e-03 1.272828e+00
7.309243e+03 2.649648e+02 1.512636e+03 8.141192e-02 4.391054e-01 7.057348e-02 -1.907637e-02 2.341191e+00
7.589628e+03 3.495115e+02 1.491971e+03 5.391439e-01 7.792653e-01 -8.936149e-03 1.987755e-02 3.037689e+00
7.467340e+03 3.292987e+02 5.483944e+02 2.817980e-02 5.164145e-01 7.523283e-02 -4.135164e-02 2.056219e+00
7.347684e+03 3.167937e+02 5.074327e+02 1.915495e-01 2.349381e-01 7.443940e-02 -3.201335e-02 1.656321e+00
7.255255e+03 2.982225e+02 5.911993e+02 1.758364e-01 3.214613e-01 -2.582690e-03 4.627940e-02 1.882051e+00
7.260123e+03 2.788911e+02 1.456483e+03 1.270972e-01 8.581361e-01 1.146063e-01 -1.936968e-02 2.919858e+00
7.858866e+03 3.246811e+02 7.346175e+02 6.948946e-01 3.593957e-01 -1.209435e-01 1.433305e-03 1.604997e+00
7.925996e+03 2.708279e+02 6.637006e+02 2.452309e-01 7.811692e-01 8.243977e-02 2.298431e-02 2.396855e+00
7.872573e+03 2.610736e+02 1.003863e+03 9.028518e-01 6.926955e-02 -9.858702e-02 1.159175e-02 1.191459e+00
7.697665e+03 2.701614e+02 8.007930e+02 4.352256e-01 6.635176e-01 -8.494461e-02 -1.736504e-02 2.299850e+00
7.944008e+03 2.945472e+02 6.344357e+02 9.265066e-01 2.648894e-01 -1.369685e-01 -1.564608e-02 1.272519e+00
7.978787e+03 3.078487e+02 1.242607e+03 8.358884e-01 4.122989e-01 7.243984e-02 4.189036e-02 1.798221e+00
7.400949e+03 2.880748e+02 1.023777e+03 5.212810e-01 4.082613e-01 -9.730613e-02 -2.926775e-02 1.883886e+00
7.900125e+03 3.417810e+02 6.069010e+02 4.882597e-01 1.740467e-01 1.465298e-01 2.463780e-02 1.358157e+00
7.749018e+03 3.086579e+02 1.314322e+03 5.324433e-02 1.921451e-01 1.441829e-01 7.037325e-04 1.560896e+00
7.212451e+03 3.441791e+02 8.154362e+02 2.836199e-01 6.341581e-01 -5.722191e-02 -2.673026e-02 2.526553e+00
7.968090e+03 2.739977e+02 1.155404e+03 4.664708e-01 9.170213e-01 1.545755e-01 -2.320196e-02 2.594801e+00
7.948726e+03 2.888792e+02 6.291359e+02 5.854460e-02 7.229284e-01 -1.187189e-01 2.173637e-02 2.219283e+00
7.822412e+03 2.940307e+02 9.464637e+02 3.031972e-01 4.641224e-01 1.081204e-01 4.911819e-02 1.860772e+00
7.450357e+03 2.547278e+02 8.520671e+02 2.309882e-01 3.361648e-01 7.768386e-02 1.893747e-02 1.869471e+00
7.636366e+03 3.256520e+02 1.249667e+03 5.236954e-01 2.980097e-01 -1.599213e-01 1.905415e-03 1.573262e+00
7.454693e+03 3.249792e+02 1.312612e+03 3.655251e-01 9.450086e-01 7.616634e-02 -5.221307e-02 3.086253e+00
7.756009e+03 2.716310e+02 6.032638e+02 5.405721e-01 7.624940e-01 1.756087e-02 8.249711e-03 2.639333e+00
7.237006e+03 3.014334e+02 7.804826e+02 4.543728e-01 6.532352e-01 9.780636e-03 -4.907831e-02 2.450734e+00
7.427932e+03 2.622592e+02 1.015249e+03 3.494341e-01 4.803905e-01 -1.059861e-01 -4.146230e-02 1.937732e+00
7.853520e+03 3.085756e+02 1.339043e+03 1.957679e-02 4.344017e-01 7.026347e-02 3.507640e-02 2.110206e+00
7.260928e+03 2.644901e+02 1.151207e+03 3.953670e-01 6.298879e-01 -8.658952e-02 -3.504428e-02 2.379588e+00
7.796802e+03 3.268191e+02 1.475028e+03 7.963865e-01 4.279142e-02 1.131281e-01 4.944807e-02 1.236748e+00
7.430860e+03 2.941335e+02 9.955829e+02 4.778196e-02 1.205386e-01 2.450836e-02 -3.545470e-02 1.845098e+00
7.963261e+03 3.129900e+02 7.738687e+02 6.980709e-01 7.153445e-01 -1.372078e-02 -2.571769e-02 2.717104e+00
7.996336e+03 2.922611e+02 1.000878e+03 9.502247e-01 7.109937e-01 3.780863e-02 3.250470e-02 2.255365e+00
7.659933e+03 3.063952e+02 9.081133e+02 8.242436e-01 9.610197e-02 1.412356e-01 1.273726e-02 1.172519e+00
7.841979e+03 3.431040e+02 6.384659e+02 6.138023e-02 4.820244e-01 -6.345073e-02 4.045350e-02 2.042530e+00
7.767785e+03 2.557822e+02 6.102863e+02 2.417865e-01 6.393982e-02 9.476913e-02 4.808243e-02 1.451687e+00
7.202163e+03 3.194741e+02 9.966481e+02 4.008205e-02 7.235447e-01 -2.043122e-02 1.248061e-03 3.061410e+00
7.727816e+03 2.627204e+02 1.620394e+03 4.177289e-01 8.982155e-02 1.284359e-01 -3.003447e-02 1.346011e+00
7.712346e+03 2.582001e+02 9.102492e+02 6.873168e-01 7.047022e-01 -8.557521e-02 -2.596334e-02 2.336318e+00
7.311501e+03 3.403442e+02 1.552073e+03 7.617666e-01 9.601782e-01 1.738361e-02 1.029841e-02 3.579008e+00
7.536467e+03 3.391567e+02 1.144636e+03 8.894043e-01 9.153078e-01 2.198874e-02 -2.859298e-02 3.275447e+00
7.338196e+03 2.854564e+02 1.600608e+03 1.745193e-01 4.814120e-01 -4.776733e-02 -2.428909e-02 2.623519e+00
7.672303e+03 3.180935e+02 1.685414e+03 2.529510e-01 6.338898e-01 -1.104639e-01 -2.756383e-02 2.446277e+00
7.855393e+03 3.326838e+02 1.234730e+03 1.014259e-01 7.318502e-01 1.255241e-01 -1.533284e-02 2.462757e+00
7.389120e+03 2.621498e+02 1.075183e+03 8.907328e-02 3.748872e-01 6.649165e-02 -6.331631e-03 2.120461e+00
7.426007e+03 3.240641e+02 1.429553e+03 6.509065e-01 5.036969e-01 1.208484e-01 -7.899971e-03 2.026908e+00
7.428832e+03 2.804797e+02 1.649055e+03 6.401279e-01 6.983674e-01 -1.106988e-01 -1.850509e-02 2.508827e+00
7.340238e+03 3.490839e+02 1.505276e+03 8.106856e-01 1.480295e-01 5.757363e-02 -2.292413e-02 1.611476e+00
7.700442e+03 2.958417e+02 5.256580e+02 7.744598e-01 8.968579e-01 5.825224e-02 -2.395792e-02 2.608504e+00
7.682217e+03 2.763469e+02 1.634393e+03 6.157013e-01 2.700424e-01 -1.115732e-01 -2.990861e-02 1.664581e+00
7.686665e+03 3.169786e+02 8.961129e+02 2.843039e-01 3.914930e-01 3.579734e-02 -4.957300e-02 2.026637e+00
7.769339e+03 3.325939e+02 1.016469e+03 4.521162e-01 1.523289e-01 2.161537e-02 6.820158e-03 1.837412e+00
7.640760e+03 3.037937e+02 8.087329e+02 2.174037e-01 8.425020e-01 -1.176794e-01 4.776386e-02 2.396155e+00
7.409084e+03 2.560420e+02 1.044239e+03 5.586648e-01 9.208015e-01 7.342045e-02 -8.582033e-03 2.952300e+00
7.980993e+03 3.305018e+02 1.403612e+03 2.206798e-01 2.716235e-01 5.964880e-02 -3.246812e-02 1.959339e+00
7.806391e+03 2.778661e+02 9.934350e+02 2.759404e-01 1.791462e-01 -6.075956e-02 -4.583419e-02 1.640256e+00
7.551410e+03 3.236205e+02 5.865903e+02 5.986506e-01 8.147453e-01 -3.009214e-02 2.604565e-02 2.539520e+00
7.965374e+03 2.934867e+02 8.506162e+02 4.868007e-01 2.035358e-01 -6.839022e-02 2.201279e-02 1.647411e+00
7.904781e+03 3.010115e+02 1.577844e+03 9.959921e-01 3.243096e-01 1.063535e-01 -1.598512e-02 1.550391e+00
7.864789e+03 2.731085e+02 1.641611e+03 2.721370e-01 9.700345e-01 -4.410286e-02 -7.270759e-03 3.642296e+00
7.955443e+03 2.678977e+02 1.603960e+03 1.329489e-01 7.297352e-01 -4.713856e-02 -2.826212e-02 3.102934e+00
7.511153e+03 2.757684e+02 9.140619e+02 2.498137e-01 2.590529e-01 -9.092667e-02 1.297106e-02 1.727654e+00
7.641200e+03 2.905257e+02 1.052619e+03 2.422127e-01 5.544616e-01 1.597758e-01 -7.213583e-03 1.981108e+00
7.351388e+03 2.775573e+02 8.236807e+02 4.302783e-02 8.882656e-01 -1.163607e-02 1.439695e-02 3.220089e+00
7.411492e+03 2.506740e+02 1.007214e+03 6.968443e-01 4.596585e-01 -3.790018e-03 2.127632e-02 2.197266e+00
7.778318e+03 2.952630e+02 9.647642e+02 4.900184e-01 1.758555e-01 -1.005654e-01 -8.225169e-03 1.518833e+00
7.751510e+03 3.434917e+02 1.295682e+03 9.657787e-01 3.835455e-01 -1.742559e-01 -1.263491e-02 1.490580e+00
7.817708e+03 2.980080e+02 1.031981e+03 2.934363e-01 4.875196e-01 -7.124651e-02 -4.422644e-02 2.110076e+00
7.777067e+03 3.427457e+02 8.749265e+02 1.239719e-01 7.181017e-01 1.241504e-01 -4.030680e-02 2.245398e+00
7.939297e+03 2.816170e+02 1.683372e+03 8.854311e-01 8.120315e-01 3.888298e-03 2.728431e-03 3.273076e+00
7.763913e+03 2.868414e+02 1.544778e+03 5.297481e-01 6.154188e-01 -1.360207e-01 4.960379e-02 2.073080e+00
7.761127e+03 2.707391e+02 1.129356e+03 8.468667e-01 8.527951e-01 1.115501e-01 -3.634995e-02 2.447323e+00
7.436498e+03 3.018308e+02 6.727749e+02 3.644944e-01 2.441786e-01 -1.005092e-01 -4.110038e-03 1.612875e+00
7.977839e+03 3.404461e+02 1.176141e+03 6.544599e-01 5.851429e-01 8.814045e-03 -2.974909e-03 2.687458e+00
7.442034e+03 3.003812e+02 1.330561e+03 4.437707e-01 9.722370e-01 -1.282473e-01 -2.959515e-02 2.904654e+00
7.234462e+03 2.659947e+02 1.331724e+03 8.952569e-01 4.332198e-01 -2.724301e-02 3.953846e-02 2.005420e+00
7.908873e+03 3.319030e+02 1.593978e+03 5.484640e-01 2.656149e-01 -2.207094e-02 -3.996195e-02 2.003220e+00
7.395969e+03 3.420200e+02 6.749361e+02 5.905625e-02 8.623324e-01 -1.875270e-02 -1.658146e-03 3.167998e+00
7.997022e+03 2.618297e+02 8.034462e+02 9.410997e-01 9.383876e-01 9.803537e-02 5.070411e-02 2.298588e+00
7.465007e+03 2.615702e+02 1.021035e+03 3.775645e-01 3.667286e-01 1.558186e-01 -3.435838e-02 1.633919e+00
7.894544e+03 3.409007e+02 1.473742e+03 3.205335e-01 6.775518e-01 -8.520903e-02 4.462910e-02 2.368687e+00
7.823949e+03 2.979678e+02 9.695102e+02 4.126672e-01 4.999211e-01 2.026568e-02 1.520123e-02 2.346003e+00
7.473622e+03 2.729363e+02 8.292435e+02 8.270734e-01 9.974369e-01 -3.417278e-02 -4.304014e-02 3.070782e+00
7.950734e+03 3.138818e+02 8.741306e+02 4.707711e-01 8.281822e-01 9.338983e-02 3.981246e-04 2.538377e+00
7.470065e+03 2.681959e+02 5.398440e+02 9.710407e-02 1.646640e-02 -1.062576e-01 -1.187287e-02 1.350269e+00
7.914668e+03 2.821036e+02 1.492619e+03 7.150938e-01 3.237173e-01 1.740577e-01 -5.007143e-02 1.429272e+00
7.903905e+03 2.574073e+02 1.317029e+03 2.882168e-01 2.185465e-01 1.119916e-02 -1.364408e-02 2.197499e+00
7.419706e+03 3.191235e+02 6.952914e+02 6.811654e-01 9.256980e-01 4.520163e-02 1.996107e-02 2.725517e+00
7.958192e+03 2.683757e+02 7.052765e+02 5.417176e-01 7.246302e-01 -1.221219e-01 -3.532132e-02 2.122675e+00
7.593909e+03 3.318947e+02 1.341795e+03 3.710923e-01 5.969265e-01 8.193409e-02 4.282527e-03 2.367136e+00
7.876527e+03 2.511654e+02 1.304093e+03 3.220562e-01 9.824044e-03 -6.131525e-02 1.827182e-02 1.509172e+00
7.319644e+03 3.157511e+02 6.869415e+02 7.187196e-01 4.609447e-01 -1.538610e-01 -1.126005e-02 1.672093e+00
7.344488e+03 2.953564e+02 1.576438e+03 9.454049e-01 5.952119e-01 1.549819e-01 2.459892e-02 1.946013e+00
7.485400e+03 2.747449e+02 5.429765e+02 2.812272e-01 9.426348e-01 -1.691617e-02 2.724020e-02 2.868925e+00
7.496901e+03 3.185251e+02 1.195343e+03 8.456047e-02 1.738350e-01 1.348665e-01 4.329992e-02 1.523302e+00
7.241548e+03 3.463028e+02 1.035192e+03 3.890887e-01 2.962460e-01 -1.015436e-01 -3.159510e-02 1.715259e+00
7.332133e+03 2.977512e+02 1.216183e+03 1.122112e-01 4.374960e-01 6.177540e-02 8.048630e-03 2.235842e+00
7.342164e+03 3.259403e+02 8.386024e+02 3.462781e-01 8.511658e-01 6.186935e-02 -3.662703e-02 2.838446e+00
7.836946e+03 2.967078e+02 6.920699e+02 6.884499e-01 2.049635e-02 -6.307455e-02 -4.039620e-04 1.326367e+00
7.779984e+03 2.764491e+02 9.810097e+02 6.756491e-01 1.588685e-01 1.492075e-01 3.127877e-02 1.318671e+00
7.230631e+03 2.578955e+02 9.190436e+02 9.624604e-01 9.330191e-01 1.302604e-01 1.508342e-02 2.409991e+00
7.764420e+03 3.070984e+02 1.181385e+03 5.067100e-02 8.210294e-01 -8.746667e-02 3.058451e-03 2.782653e+00
7.847562e+03 2.594630e+02 1.681998e+03 4.244156e-01 2.688679e-01 -1.607355e-01 1.129458e-02 1.574176e+00
7.599363e+03 2.895350e+02 1.551075e+03 7.355603e-01 6.370420e-01 -5.764302e-02 4.598927e-02 2.327809e+00
7.901732e+03 3.050103e+02 1.038723e+03 3.596760e-01 2.850578e-01 9.152468e-02 -3.644875e-02 1.692636e+00
7.305205e+03 3.222600e+02 1.364097e+03 5.621880e-02 3.120679e-02 2.803739e-02 -3.452831e-02 1.747309e+00
7.649470e+03 2.670143e+02 1.616110e+03 3.671102e-01 9.511981e-01 -7.065610e-02 4.041422e-02 3.035184e+00
7.719221e+03 2.936548e+02 1.656655e+03 7.222958e-01 1.082919e-01 -4.885159e-02 -4.162939e-02 1.547541e+00
7.368532e+03 3.387125e+02 1.636240e+03 1.848030e-01 3.122937e-01 4.946084e-02 6.671611e-03 2.163036e+00
7.535918e+03 3.188310e+02 1.325452e+03 5.695752e-01 3.398110e-01 1.450680e-01 -1.685067e-02 1.666947e+00
7.829561e+03 3.479987e+02 1.388928e+03 1.530400e-01 2.525930e-01 -1.197758e-01 3.676271e-02 1.663522e+00
7.753614e+03 3.485470e+02 1.165572e+03 5.830681e-01 7.400791e-01 1.676197e-01 -2.097829e-03 2.219018e+00
7.604722e+03 3.122790e+02 9.396972e+02 3.240964e-01 2.329371e-01 -4.803071e-03 -3.420917e-02 1.969099e+00
7.607038e+03 3.075363e+02 5.791855e+02 1.992060e-01 3.412397e-01 1.655870e-01 -4.447380e-02 1.485622e+00
7.877631e+03 3.478956e+02 1.457670e+03 3.190606e-01 1.250285e-01 -1.404746e-01 3.634341e-02 1.414523e+00
7.644176e+03 2.881389e+02 1.548579e+03 7.014008e-01 3.030027e-01 1.405637e-01 5.190885e-03 1.614729e+00
7.982077e+03 2.661160e+02 1.284422e+03 7.772219e-01 5.274717e-01 2.942558e-02 4.352030e-02 2.111922e+00
7.709771e+03 2.679663e+02 1.639255e+03 1.340807e-01 5.366891e-01 -4.979110e-02 -2.692637e-02 2.694210e+00
7.786007e+03 2.885755e+02 1.077030e+03 9.193528e-01 3.672594e-01 4.488190e-02 -2.323476e-03 1.858529e+00
7.588936e+03 2.686551e+02 1.473140e+03 6.653797e-01 2.263593e-01 1.219865e-01 -7.721967e-03 1.558395e+00
7.219156e+03 3.369006e+02 1.264532e+03 3.940204e-01 1.299065e-02 1.087685e-01 -4.344136e-02 1.207740e+00
7.704856e+03 2.601785e+02 1.628904e+03 9.967126e-01 5.509412e-01 -1.011446e-01 1.609787e-02 1.970326e+00
7.923279e+03 3.042237e+02 7.710805e+02 2.239829e-01 4.717687e-01 6.858586e-02 -1.476687e-02 2.101481e+00
7.548260e+03 2.714155e+02 1.510913e+03 3.331609e-01 8.202247e-01 -1.647645e-01 5.137567e-02 2.402241e+00
7.459058e+03 3.150386e+02 7.084950e+02 4.748514e-01 1.784489e-01 -1.687193e-01 4.489784e-02 1.337336e+00
7.211824e+03 3.297251e+02 1.199107e+03 3.683847e-02 3.696151e-02 1.286735e-01 -1.101800e-02 1.371258e+00
7.381907e+03 2.866222e+02 7.242268e+02 1.989405e-01 2.077286e-01 -1.257244e-01 3.814848e-02 1.536534e+00
7.734726e+03 2.725944e+02 1.410368e+03 1.638270e-01 5.890118e-01 -1.677559e-01 5.041961e-02 2.004183e+00
7.488762e+03 3.368735e+02 1.322657e+03 3.681298e-01 6.696497e-01 1.353252e-01 -1.026309e-02 2.303716e+00
7.843564e+03 2.526544e+02 6.222020e+02 9.559120e-01 6.472221e-01 1.289266e-01 -1.006783e-02 1.845181e+00
7.790895e+03 2.571783e+02 1.234126e+03 8.376324e-01 5.342720e-01 -8.720422e-02 -3.036415e-02 2.053265e+00
7.550029e+03 3.462798e+02 7.580847e+02 6.865663e-01 2.869564e-01 -1.331965e-01 -4.899434e-02 1.366209e+00
7.905594e+03 3.335060e+02 1.162643e+03 1.504310e-01 2.732538e-01 -2.067813e-02 -9.841206e-03 2.218977e+00
7.736211e+03 2.874336e+02 1.689735e+03 1.063348e-01 5.479870e-01 -4.061658e-02 3.801016e-02 2.488597e+00
7.649780e+03 2.503226e+02 1.668240e+03 9.756639e-01 2.518870e-01 1.027827e-01 -4.499278e-02 1.409714e+00
7.302203e+03 2.603853e+02 1.210826e+03 6.457197e-01 9.781042e-01 -3.819165e-02 4.794669e-02 2.982670e+00
7.588181e+03 2.666581e+02 1.261270e+03 6.376015e-01 2.004151e-01 9.917141e-02 -1.389218e-02 1.559702e+00
7.984061e+03 3.158492e+02 5.181151e+02 5.166345e-01 7.477388e-01 1.370475e-01 3.929219e-02 2.054939e+00
7.807430e+03 3.119058e+02 1.396194e+03 3.156255e-01 2.109648e-01 7.135737e-02 -5.153874e-02 1.674695e+00
7.607871e+03 3.228891e+02 1.462724e+03 4.750052e-01 4.668223e-01 -1.000096e-01 -4.392031e-02 2.007025e+00
7.921003e+03 2.604410e+02 1.612988e+03 4.938780e-01 8.720573e-01 6.347875e-02 6.119680e-03 3.045034e+00
7.396870e+03 3.015223e+02 9.708044e+02 4.490596e-01 1.143656e-01 5.134436e-02 -8.771142e-03 1.669155e+00
7.962832e+03 2.719683e+02 5.899296e+02 6.936560e-01 5.002889e-01 -1.409146e-01 -2.071995e-02 1.704364e+00
7.812600e+03 3.333349e+02 5.552250e+02 7.218365e-01 5.480691e-02 8.851051e-02 -2.529414e-02 1.194222e+00
7.689675e+03 3.264200e+02 1.665340e+03 2.130577e-01 7.932972e-01 1.680897e-01 3.757055e-02 2.418611e+00
7.276856e+03 3.144134e+02 9.886748e+02 2.299181e-01 5.560703e-01 5.035219e-02 -6.495320e-03 2.473946e+00
7.313890e+03 3.381061e+02 1.227672e+03 2.372885e-01 3.441184e-01 6.275358e-03 4.222368e-02 2.053662e+00
7.751089e+03 3.445284e+02 7.720170e+02 9.844976e-01 2.667851e-01 3.095028e-03 2.090017e-02 1.563113e+00
7.887038e+03 3.484099e+02 5.438602e+02 2.586730e-01 1.859410e-01 1.512804e-01 4.403832e-02 1.420317e+00
7.898973e+03 3.058368e+02 8.688274e+02 3.006053e-01 6.604794e-01 -6.512209e-02 3.847407e-02 2.275204e+00
7.401927e+03 2.772106e+02 1.207808e+03 3.043865e-01 1.681017e-01 -1.346835e-01 -4.912722e-02 1.367405e+00
7.489857e+03 3.487969e+02 5.170903e+02 5.715392e-01 3.158035e-01 -4.478413e-02 -1.461344e-02 1.828698e+00
7.379845e+03 3.149146e+02 9.453842e+02 5.629277e-01 1.678083e-01 1.117562e-01 1.807010e-02 1.462169e+00
7.715438e+03 2.996742e+02 1.622074e+03 4.658959e-01 9.847064e-01 7.585582e-03 -5.025621e-02 3.546121e+00
7.226217e+03 2.663731e+02 7.162234e+02 7.408406e-01 8.849724e-01 -1.165016e-01 5.023591e-02 2.293666e+00
7.499835e+03 2.858387e+02 6.152792e+02 1.421766e-01 4.940093e-01 1.107577e-01 -1.397008e-02 1.940873e+00
7.969085e+03 2.705375e+02 7.606331e+02 1.301691e-01 8.769845e-01 -8.995667e-02 -1.110306e-02 2.686590e+00
7.244935e+03 3.225745e+02 9.285298e+02 7.474874e-01 4.528901e-02 1.654094e-01 1.301393e-02 1.091410e+00
7.946104e+03 2.976075e+02 5.048119e+02 5.096767e-01 9.901196e-01 5.723406e-02 2.318117e-02 2.662269e+00
7.825127e+03 3.027205e+02 1.041484e+03 7.669854e-01 1.121756e-01 -6.710746e-02 -3.215103e-02 1.409760e+00
7.479609e+03 2.842339e+02 1.296835e+03 9.599336e-02 3.267964e-01 9.700623e-02 -1.017464e-02 1.929856e+00
7.546051e+03 3.156187e+02 9.977596e+02 5.339341e-01 1.414922e-01 3.993251e-02 1.096403e-03 1.723787e+00
7.632074e+03 2.883686e+02 1.652232e+03 6.110253e-01 3.986687e-01 -5.613141e-02 2.422423e-02 2.087965e+00
7.446263e+03 3.351917e+02 5.228792e+02 6.094403e-01 1.152095e-01 1.275619e-01 -2.440751e-02 1.228176e+00
7.871511e+03 3.483849e+02 1.049269e+03 7.502282e-01 5.537426e-01 -1.735277e-01 1.467693e-02 1.801506e+00
7.574463e+03 2.677647e+02 8.499065e+02 6.620882e-01 1.309306e-01 1.238963e-01 1.633224e-02 1.330234e+00
7.740487e+03 2.768239e+02 8.186569e+02 3.794558e-01 9.886762e-01 1.424617e-01 1.482998e-02 2.634936e+00
7.630447e+03 3.355405e+02 1.142346e+03 3.991431e-01 5.264936e-01 -1.317954e-01 -1.842627e-02 2.009328e+00
7.982598e+03 2.990937e+02 1.579975e+03 5.860493e-01 7.577656e-01 1.071827e-01 1.907200e-02 2.470641e+00
7.779172e+03 3.230669e+02 1.320153e+03 9.592236e-01 2.091685e-01 7.716059e-03 2.898418e-02 1.593637e+00
7.418665e+03 2.662580e+02 1.525647e+03 6.905036e-01 8.675621e-01 -1.125820e-01 7.392497e-03 2.723012e+00
7.845395e+03 2.769708e+02 1.609919e+03 8.626936e-01 4.119698e-01 -1.595136e-01 3.082757e-02 1.645617e+00
7.802836e+03 3.349479e+02 1.565579e+03 6.790507e-01 7.913667e-01 -3.706655e-02 2.144096e-02 2.868311e+00
7.774408e+03 3.310053e+02 1.517237e+03 2.000857e-01 6.133022e-01 -1.734168e-01 6.731899e-03 2.134663e+00
7.284648e+03 2.516164e+02 1.571681e+03 4.487100e-01 2.478052e-01 -5.074873e-02 4.969017e-02 1.844646e+00
7.517477e+03 3.005802e+02 8.902236e+02 9.173321e-01 7.732232e-01 -6.968873e-02 -2.743442e-02 2.449249e+00
7.475811e+03 3.235842e+02 9.214598e+02 3.961165e-01 2.951889e-01 -7.500896e-02 -1.381860e-02 1.837497e+00
7.612180e+03 3.449700e+02 1.369925e+03 4.984577e-01 1.980104e-01 -2.937450e-02 4.444024e-02 1.760668e+00
7.737760e+03 2.630820e+02 8.061157e+02 9.804096e-01 8.866713e-01 1.196275e-01 4.713078e-02 2.162962e+00
7.455953e+03 2.993364e+02 1.560008e+03 6.250217e-01 1.717599e-01 8.622904e-02 -3.271819e-02 1.578621e+00
7.450905e+03 3.229968e+02 7.125178e+02 1.529544e-01 2.847354e-01 -5.501771e-02 1.860206e-02 1.883819e+00
7.534551e+03 2.689840e+02 1.152002e+03 1.197584e-01 2.020797e-01 -4.172850e-02 -6.100722e-03 1.965823e+00
7.929731e+03 2.732060e+02 6.296621e+02 6.615812e-01 2.612843e-01 6.971996e-02 4.392447e-02 1.603976e+00
7.994194e+03 3.101646e+02 8.722849e+02 6.991375e-01 4.921582e-01 1.523784e-01 4.310296e-02 1.703657e+00
7.886342e+03 3.216001e+02 1.065292e+03 9.866574e-01 8.412119e-01 -1.485840e-01 -4.099107e-02 2.167840e+00
7.769890e+03 2.573671e+02 1.589163e+03 4.574792e-01 8.918917e-01 -1.238325e-01 -2.309045e-02 2.833953e+00
7.526966e+03 2.693457e+02 7.971885e+02 2.927864e-01 8.151218e-02 -6.174172e-02 2.514839e-03 1.590053e+00
7.760408e+03 2.918374e+02 8.926559e+02 6.856046e-01 8.249184e-01 -1.229824e-01 3.495839e-02 2.265209e+00
7.421259e+03 2.655131e+02 5.411451e+02 8.282941e-01 6.013418e-01 -8.340970e-02 -4.355684e-02 1.904476e+00
7.528518e+03 3.398786e+02 1.587571e+03 1.896671e-02 9.886689e-02 -1.723246e-01 -3.774187e-02 1.301002e+00
7.934046e+03 2.986063e+02 5.274007e+02 7.675949e-01 8.734763e-01 2.539447e-02 -4.183027e-02 2.592634e+00
7.997923e+03 2.999212e+02 1.636570e+03 2.156594e-01 6.316570e-01 -7.446372e-02 2.576000e-02 2.462018e+00
7.472956e+03 3.007773e+02 9.864424e+02 7.160863e-01 8.526911e-02 1.164123e-01 2.744544e-02 1.287888e+00
7.653044e+03 2.978361e+02 9.729290e+02 4.346224e-01 5.519099e-01 1.623204e-01 -3.095463e-02 1.883393e+00
7.500204e+03 2.891155e+02 1.086405e+03 8.007898e-01 4.068799e-01 6.906792e-02 1.288656e-03 1.918153e+00
7.985215e+03 2.916265e+02 1.447628e+03 4.964358e-01 9.001841e-01 -9.697882e-03 -2.298274e-02 3.646027e+00
7.628171e+03 3.096306e+02 1.279812e+03 6.318141e-01 7.113332e-01 -1.461651e-01 5.992781e-03 2.234743e+00
7.907670e+03 2.611272e+02 1.054790e+03 6.464415e-01 2.082215e-01 1.173646e-01 -2.494817e-02 1.458845e+00
7.345206e+03 2.660008e+02 8.410430e+02 8.438636e-01 3.014657e-01 1.564914e-02 -3.969965e-03 1.951244e+00
7.412448e+03 2.915890e+02 6.709233e+02 5.513429e-01 2.014831e-01 -1.711075e-01 3.063201e-02 1.331569e+00
7.338484e+03 3.160138e+02 8.050132e+02 1.333475e-01 4.211222e-01 -1.192662e-01 -1.556838e-02 1.871222e+00
7.744500e+03 3.352226e+02 8.046040e+02 7.650703e-01 8.874355e-01 6.939223e-02 -1.888585e-02 2.673551e+00
7.590842e+03 3.043530e+02 1.019490e+03 5.553396e-01 2.784264e-01 -1.049436e-01 -3.295069e-02 1.608971e+00
7.342893e+03 3.114176e+02 1.696384e+03 1.551307e-01 6.734950e-01 1.261976e-01 1.845214e-03 2.504687e+00
7.293452e+03 3.331678e+02 1.083400e+03 5.226242e-01 2.378862e-01 -4.537402e-02 2.801880e-02 1.808670e+00
7.236432e+03 3.282566e+02 9.253027e+02 8.127042e-03 8.335497e-01 -5.979304e-02 -2.854745e-02 3.018983e+00
7.410366e+03 3.396618e+02 9.043934e+02 4.551096e-01 7.599136e-01 1.616762e-01 4.119951e-02 2.166485e+00
7.323080e+03 3.238071e+02 6.570735e+02 7.305548e-01 9.210708e-01 -3.933984e-02 -2.059266e-02 2.954255e+00
7.294695e+03 3.470926e+02 8.077251e+02 3.882275e-01 7.479947e-02 1.393140e-01 -2.604764e-02 1.242188e+00
7.860012e+03 2.848800e+02 1.064377e+03 9.517067e-01 2.776791e-01 -1.291601e-01 4.127892e-02 1.370207e+00
7.596422e+03 2.840453e+02 1.526213e+03 9.423695e-01 9.932606e-01 -1.498998e-01 9.816921e-03 2.691259e+00
7.505380e+03 2.759528e+02 9.153762e+02 1.310774e-01 6.147244e-01 3.241565e-02 3.220562e-02 2.465719e+00
7.538576e+03 3.140052e+02 1.097180e+03 3.743156e-02 7.066201e-01 -3.742307e-02 4.859684e-02 2.575530e+00
7.781228e+03 2.988987e+02 1.396765e+03 3.174111e-01 6.416580e-02 1.007252e-01 -6.806161e-03 1.453630e+00
7.445573e+03 2.706930e+02 1.254951e+03 6.184064e-01 9.296957e-01 -1.616846e-01 1.754672e-02 2.566460e+00
7.830360e+03 2.829293e+02 6.048867e+02 5.727550e-01 7.811622e-02 8.222316e-02 -2.481105e-02 1.340138e+00
7.999931e+03 2.651880e+02 1.479846e+03 2.748427e-01 6.800072e-01 -1.241321e-01 4.857515e-02 2.234022e+00
7.372727e+03 2.629204e+02 5.452199e+02 6.260829e-01 5.323872e-01 4.064307e-02 -3.335333e-02 2.157045e+00
7.932565e+03 2.703417e+02 5.683827e+02 2.325349e-01 5.313069e-01 -1.222886e-01 1.138245e-02 1.902404e+00
7.866192e+03 2.985510e+02 9.685701e+02 5.123622e-01 5.642148e-01 1.613564e-01 -3.056831e-02 1.876750e+00
7.744863e+03 2.800414e+02 1.117099e+03 2.073006e-01 7.413003e-01 -2.694133e-02 1.020157e-02 2.907002e+00
7.555359e+03 2.733094e+02 1.698156e+03 3.390194e-01 4.281639e-01 -1.030176e-01 -3.812126e-02 2.038321e+00
7.263883e+03 2.528872e+02 1.412623e+03 3.500386e-01 6.430544e-01 -4.120254e-02 2.896840e-03 2.797231e+00
7.270592e+03 3.187227e+02 9.407326e+02 8.692312e-01 7.284793e-02 1.401885e-01 4.112030e-02 1.134854e+00
7.733566e+03 2.995026e+02 5.140521e+02 9.112593e-01 5.784411e-01 -1.143912e-01 3.941457e-02 1.729934e+00
7.208287e+03 3.340685e+02 8.977191e+02 7.685906e-01 5.993494e-02 -1.719962e-01 1.173823e-02 1.089386e+00
7.505727e+03 2.792417e+02 1.624204e+03 6.348216e-01 6.117721e-01 8.335847e-02 -3.982774e-03 2.440110e+00
7.398317e+03 3.418674e+02 1.290965e+03 9.065303e-01 4.470445e-01 6.434946e-02 -2.249160e-02 2.045659e+00
7.701216e+03 2.745858e+02 8.461796e+02 7.030048e-01 9.597605e-02 -1.724502e-01 -3.867044e-02 1.050279e+00
7.773693e+03 2.596305e+02 7.655483e+02 1.887400e-01 9.089412e-01 1.530960e-01 -3.786817e-03 2.525423e+00
7.893247e+03 3.223435e+02 7.293886e+02 6.955557e-01 4.139279e-02 -7.224377e-02 -3.957949e-02 1.200138e+00
7.820776e+03 2.956000e+02 9.517818e+02 2.214785e-01 4.305389e-01 1.293404e-01 -3.839253e-02 1.776473e+00
7.922439e+03 3.088514e+02 7.255863e+02 5.707280e-01 5.373687e-01 1.532752e-01 2.876866e-04 1.822988e+00
7.613955e+03 3.293260e+02 9.779655e+02 6.303393e-01 1.555420e-01 -4.954736e-02 2.356018e-02 1.629510e+00
7.306372e+03 3.207606e+02 8.995433e+02 1.869292e-01 7.490119e-01 -1.036156e-01 -3.563707e-02 2.450827e+00
7.256056e+03 2.896449e+02 1.440896e+03 2.661913e-01 8.936881e-01 -8.687459e-03 -4.991234e-02 3.377305e+00
7.733824e+03 2.671150e+02 9.883685e+02 7.374172e-01 8.381886e-01 -8.227643e-03 3.440036e-02 2.642345e+00
7.583249e+03 3.107204e+02 1.178059e+03 7.316842e-01 6.506976e-02 2.104732e-02 7.482816e-03 1.611740e+00
7.815527e+03 2.981308e+02 1.328786e+03 7.972087e-01 6.830636e-01 -1.385395e-01 -2.947975e-02 2.145976e+00
7.913041e+03 2.552395e+02 8.893572e+02 8.653392e-01 8.030385e-01 -1.548402e-01 1.392298e-02 2.129574e+00
7.865075e+03 2.608815e+02 7.310625e+02 5.756289e-02 6.493034e-01 -5.664912e-02 5.449724e-03 2.437519e+00
7.365596e+03 3.023127e+02 1.355749e+03 9.931013e-01 6.447276e-01 -3.510452e-02 7.574712e-03 2.458127e+00
7.597117e+03 2.826737e+02 1.099131e+03 2.195833e-01 9.114747e-01 1.014921e-02 -4.945588e-02 3.177971e+00
7.217329e+03 3.486252e+02 5.860285e+02 7.701421e-01 3.115589e-01 -1.081125e-01 -3.729819e-02 1.457810e+00
7.986838e+03 2.827880e+02 6.817831e+02 6.364115e-02 4.265691e-01 2.766253e-03 -1.347394e-02 2.443836e+00
7.697483e+03 2.797004e+02 1.174968e+03 9.097981e-01 4.742370e-02 1.561722e-01 -3.138384e-03 1.026032e+00
7.521837e+03 3.446118e+02 1.399347e+03 6.971176e-01 8.064254e-01 2.726276e-02 2.613084e-02 2.907061e+00
7.530632e+03 3.357735e+02 1.653244e+03 3.618647e-01 3.739828e-01 -1.397807e-01 -7.531539e-03 1.855080e+00
7.437595e+03 3.125974e+02 1.095798e+03 7.627518e-01 7.007675e-01 9.497076e-02 -2.898946e-02 2.341362e+00
7.667611e+03 2.911095e+02 1.607151e+03 3.371690e-01 1.634209e-01 3.696173e-02 -1.181962e-02 1.969398e+00
7.498799e+03 2.935208e+02 1.699498e+03 2.829444e-01 2.565454e-01 1.505932e-01 -4.225574e-02 1.555084e+00
7.598844e+03 2.767072e+02 1.518764e+03 2.950519e-01 1.543348e-01 -1.472096e-01 -4.288231e-05 1.475188e+00
7.360957e+03 3.196445e+02 1.430153e+03 9.906323e-02 9.863601e-01 -9.644323e-02 -1.859577e-02 3.295934e+00
7.671784e+03 2.937774e+02 1.539319e+03 3.545790e-01 3.354181e-01 1.149224e-01 -2.149917e-02 1.842245e+00
7.339837e+03 3.211235e+02 1.414596e+03 4.685264e-01 6.289634e-01 9.140484e-02 1.083478e-02 2.390252e+00
7.452628e+03 3.408075e+02 1.675850e+03 8.630004e-01 6.079139e-01 -9.622670e-02 -4.697957e-03 2.291711e+00
7.220218e+03 3.426834e+02 1.268980e+03 7.840346e-01 7.540544e-01 1.637464e-01 2.417142e-02 2.195805e+00
7.880209e+03 3.164366e+02 6.027176e+02 9.560564e-01 4.850598e-01 7.957786e-02 5.217648e-02 1.650711e+00
7.732568e+03 2.869545e+02 1.602239e+03 5.892269e-01 7.708784e-02 -1.454341e-01 3.727095e-02 1.287780e+00
7.791654e+03 3.469460e+02 7.820456e+02 4.615669e-01 3.542572e-01 -1.420419e-01 6.497193e-03 1.626991e+00
7.312342e+03 3.002976e+02 1.282994e+03 4.195177e-01 6.848886e-01 3.855523e-02 -2.135373e-02 2.957474e+00
7.292061e+03 3.266522e+02 1.208489e+03 2.027488e-01 9.412442e-01 -3.891315e-02 1.722257e-02 3.306030e+00
7.349510e+03 3.350412e+02 1.127420e+03 7.210765e-02 9.343895e-01 -1.088348e-01 -3.880072e-02 2.899365e+00
7.377182e+03 3.049772e+02 1.017411e+03 6.410067e-01 1.102109e-01 -1.605525e-01 2.908098e-02 1.242908e+00
7.326284e+03 3.048133e+02 1.568263e+03 1.483265e-02 5.772361e-01 -4.329395e-02 -3.792444e-02 2.819775e+00
7.574377e+03 3.200848e+02 5.500314e+02 4.366057e-01 6.386326e-01 -5.203651e-03 4.909285e-04 2.606482e+00
7.686117e+03 2.709681e+02 1.542423e+03 2.036131e-02 1.868981e-01 -5.892527e-02 2.090031e-03 1.912696e+00
7.295666e+03 3.395496e+02 1.478438e+03 9.944069e-01 5.681657e-01 3.833744e-02 4.842821e-02 2.101480e+00
7.524197e+03 3.105706e+02 1.124305e+03 1.169044e-01 6.174909e-01 1.531386e-02 4.240206e-02 2.458896e+00
7.252063e+03 2.970838e+02 5.661896e+02 5.204266e-03 3.649012e-01 -5.756228e-02 -4.529849e-03 2.019692e+00
7.266557e+03 3.299916e+02 1.302545e+03 8.186134e-01 1.173928e-01 -7.319928e-02 -4.712927e-02 1.355210e+00
7.518078e+03 2.593495e+02 1.253316e+03 4.385155e-01 2.310384e-01 6.702582e-02 4.995702e-02 1.720514e+00
7.855103e+03 2.720843e+02 8.240663e+02 4.974254e-01 2.140054e-01 -9.183269e-02 -3.349206e-02 1.523596e+00
7.542812e+03 3.360666e+02 1.646096e+03 1.249843e-01 9.034592e-01 6.512034e-02 -1.053223e-02 3.387462e+00
7.768088e+03 3.175797e+02 1.455554e+03 1.895222e-01 3.886233e-01 -3.456598e-02 -4.870948e-02 2.212458e+00
7.440353e+03 2.894940e+02 1.327895e+03 6.069768e-01 4.705968e-01 -1.381356e-01 -2.144468e-02 1.897667e+00
7.253242e+03 3.382541e+02 1.446477e+03 5.853621e-01 1.511154e-01 -1.328901e-01 5.008598e-02 1.404283e+00
7.550968e+03 2.902606e+02 1.563342e+03 5.224702e-02 5.602754e-01 5.221054e-02 -4.041161e-02 2.656070e+00
7.772805e+03 2.623948e+02 1.127986e+03 4.454540e-01 7.086578e-01 1.475671e-01 -3.457452e-02 2.190503e+00
7.422336e+03 2.718721e+02 7.479152e+02 7.366246e-01 7.358995e-01 -7.802929e-02 -2.014500e-03 2.329440e+00
7.912601e+03 2.992842e+02 1.138571e+03 1.038405e-02 3.943607e-01 7.209589e-02 1.924608e-02 2.054291e+00
7.654843e+03 2.760097e+02 1.547203e+03 4.773693e-01 9.759737e-01 1.503879e-01 -2.025686e-02 2.894195e+00
7.469340e+03 3.121000e+02 1.070575e+03 1.811949e-01 5.861109e-01 3.008494e-02 -4.276689e-03 2.699230e+00
7.752011e+03 2.787533e+02 1.534035e+03 3.697467e-01 6.921480e-01 1.053492e-01 2.886971e-02 2.383813e+00
7.367251e+03 3.491542e+02 7.758358e+02 9.523448e-01 3.802899e-01 -5.535795e-02 2.836958e-02 1.674843e+00
7.355766e+03 3.100140e+02 1.545938e+03 6.595147e-01 6.810711e-01 9.845280e-02 5.049470e-02 2.287036e+00
7.974413e+03 3.356072e+02 8.450690e+02 8.705252e-02 8.606952e-01 -5.904166e-02 -4.695449e-02 2.818750e+00
7.758464e+03 3.273095e+02 1.481220e+03 2.465574e-01 7.705496e-01 8.555955e-02 -3.897244e-02 2.745589e+00
7.675925e+03 3.411395e+02 6.333410e+02 9.543655e-01 2.605961e-01 -2.630173e-02 1.520308e-03 1.593654e+00
7.850090e+03 2.628586e+02 1.450518e+03 6.018725e-01 3.300311e-01 3.738272e-02 2.437183e-02 2.012117e+00
7.541389e+03 3.392513e+02 1.696912e+03 5.742007e-01 3.637981e-01 -1.118152e-01 -1.319387e-02 1.883998e+00
7.349758e+03 2.773078e+02 1.202321e+03 1.096864e-01 7.750117e-01 2.081054e-02 -2.909152e-02 3.331156e+00
7.446851e+03 2.907056e+02 7.795400e+02 8.071047e-01 9.391614e-01 -9.590898e-02 2.634789e-02 2.502916e+00
7.461932e+03 2.572820e+02 5.801979e+02 3.071352e-01 1.264838e-01 1.499084e-01 -4.685941e-02 1.192695e+00
7.587765e+03 2.710187e+02 5.011083e+02 9.891959e-01 7.385924e-01 -1.522530e-01 -1.997548e-02 1.894562e+00
7.573435e+03 2.822249e+02 1.566606e+03 4.016433e-01 5.885216e-01 -6.036218e-02 -3.671285e-02 2.593127e+00
7.645239e+03 2.692334e+02 1.606265e+03 5.200304e-01 4.416725e-01 3.637911e-02 1.341465e-02 2.326271e+00
7.249838e+03 3.443402e+02 1.418503e+03 2.774990e-01 8.891302e-01 3.192241e-02 -5.233554e-03 3.558075e+00
7.329422e+03 3.104574e+02 1.330194e+03 1.510151e-01 3.327645e-01 1.290545e-02 -2.184821e-02 2.475547e+00
7.501752e+03 2.930044e+02 1.005324e+03 6.924474e-01 6.658008e-01 -1.322055e-01 1.598693e-02 2.090464e+00
7.716066e+03 2.585916e+02 8.801799e+02 1.111947e-02 7.669459e-01 1.264652e-01 5.098621e-02 2.301296e+00
7.529576e+03 2.691452e+02 8.358790e+02 4.396936e-01 8.742058e-01 4.243837e-02 -6.276796e-03 2.964561e+00
7.274106e+03 3.377962e+02 8.996496e+02 1.261415e-01 9.191967e-01 -4.200325e-02 4.397718e-03 3.178782e+00
7.395135e+03 2.632921e+02 5.355712e+02 1.058248e-01 2.946741e-01 -4.785271e-02 4.737156e-03 1.927640e+00
7.332943e+03 2.550138e+02 1.156955e+03 8.585860e-01 7.847746e-01 -1.557986e-01 2.541403e-02 2.200010e+00
7.269688e+03 2.920334e+02 8.437379e+02 5.992699e-01 1.150180e-02 -1.819806e-02 4.290721e-02 1.471614e+00
7.986049e+03 3.272778e+02 1.553399e+03 7.797655e-01 1.478413e-01 -8.151104e-02 7.802363e-03 1.507781e+00
7.380982e+03 2.694347e+02 1.282186e+03 5.612187e-01 4.051265e-01 -1.663755e-01 -8.914925e-03 1.731160e+00
7.247250e+03 2.860500e+02 1.674281e+03 3.921723e-01 9.856941e-01 4.959011e-02 -4.246278e-02 3.726266e+00
7.652218e+03 2.824029e+02 7.214746e+02 8.397180e-02 1.627325e-01 5.425204e-02 3.546925e-02 1.728563e+00
7.285788e+03 3.073204e+02 5.651251e+02 5.281864e-01 8.881994e-02 1.536000e-01 3.208160e-02 1.245546e+00
7.398977e+03 2.737728e+02 1.259222e+03 6.503383e-02 1.725269e-01 -3.008369e-03 3.535514e-03 2.189839e+00
7.946414e+03 3.499902e+02 5.460384e+02 3.998318e-02 9.078071e-01 1.096092e-01 -1.744281e-02 2.575773e+00
7.456857e+03 2.724464e+02 6.877075e+02 5.522188e-01 4.564553e-01 1.372804e-01 -9.377013e-03 1.745676e+00
7.200714e+03 2.871205e+02 1.528506e+03 5.944583e-01 3.458348e-01 -8.240156e-02 -5.017496e-03 1.980388e+00
7.971818e+03 3.402121e+02 9.343280e+02 3.353905e-01 6.304622e-01 8.606869e-02 3.925803e-02 2.153642e+00
7.831752e+03 2.634268e+02 1.210341e+03 9.215111e-01 2.339538e-02 4.020083e-02 2.062169e-02 1.308996e+00
7.552986e+03 2.960810e+02 9.318657e+02 8.934789e-01 4.200964e-01 -5.579893e-02 -3.014085e-02 1.905790e+00
7.212878e+03 3.278265e+02 7.014996e+02 1.372264e-01 9.239441e-01 3.308281e-02 -4.782946e-02 3.054216e+00
7.210447e+03 2.898758e+02 1.469057e+03 1.380549e-01 1.947517e-02 -1.277069e-01 4.653036e-02 1.352494e+00
7.221361e+03 3.472773e+02 9.303694e+02 1.728880e-02 3.404466e-01 1.012588e-01 2.327865e-02 1.847015e+00
7.317267e+03 2.963555e+02 7.674526e+02 7.009611e-01 7.280013e-01 1.384562e-01 -9.994770e-03 2.145937e+00
7.883802e+03 3.354881e+02 1.285492e+03 2.915214e-01 3.751143e-01 3.936067e-02 4.542629e-02 2.030773e+00
7.875860e+03 3.366011e+02 1.030551e+03 2.975564e-01 8.431654e-02 -1.069277e-01 4.245948e-02 1.437997e+00
7.571773e+03 2.519094e+02 6.653105e+02 9.739315e-01 8.832085e-01 -1.753312e-02 4.879300e-02 2.298149e+00
7.563252e+03 3.186658e+02 1.307341e+03 6.210074e-01 6.484131e-01 -1.451051e-01 -4.522055e-02 2.056570e+00
7.789115e+03 2.913827e+02 7.147951e+02 6.299578e-01 2.273918e-01 -9.174051e-03 1.116562e-02 1.868733e+00
7.244076e+03 3.082200e+02 9.240832e+02 2.484008e-01 4.163762e-01 -9.521986e-02 -4.267185e-02 1.887769e+00
7.600257e+03 2.957114e+02 9.072306e+02 7.123463e-01 6.829802e-01 7.738376e-02 -1.072923e-02 2.329632e+00
7.572506e+03 2.730195e+02 1.344552e+03 9.353845e-01 3.562231e-01 7.274229e-02 -9.880453e-03 1.793548e+00
7.739804e+03 3.372024e+02 1.219121e+03 9.989179e-01 5.307297e-01 2.252594e-03 2.949417e-02 2.039210e+00
7.724427e+03 2.908048e+02 1.238575e+03 7.512204e-01 6.746271e-01 1.244928e-01 -3.134196e-02 2.169794e+00
7.646233e+03 2.586621e+02 1.682322e+03 9.836043e-01 7.092854e-02 1.047343e-01 -4.236877e-02 1.058374e+00
7.787688e+03 2.876443e+02 1.079022e+03 8.473520e-01 8.434156e-01 8.377906e-02 -1.829256e-04 2.562314e+00
7.363662e+03 2.830530e+02 6.376808e+02 1.473438e-01 2.207823e-01 -7.003851e-02 -4.123362e-02 1.663203e+00
7.938606e+03 3.071447e+02 1.237433e+03 4.293976e-01 5.202205e-01 1.060571e-01 -1.572379e-02 2.084791e+00
7.924345e+03 2.997742e+02 1.400787e+03 8.625010e-02 6.204037e-02 1.494074e-01 -2.834503e-02 1.306935e+00
7.416839e+03 2.984640e+02 8.640941e+02 9.433205e-01 3.069331e-02 -3.804620e-02 -7.999391e-04 1.254748e+00
7.882922e+03 2.653682e+02 1.374009e+03 8.944895e-01 3.385735e-01 7.277084e-03 4.133385e-03 2.103820e+00
7.850523e+03 3.450346e+02 8.552874e+02 9.473314e-01 8.786464e-01 -1.311100e-01 -3.584116e-02 2.260711e+00
7.678614e+03 2.624971e+02 1.485666e+03 4.376155e-01 4.409155e-01 -9.805780e-02 -3.697012e-02 2.000175e+00
7.484471e+03 3.132884e+02 1.337295e+03 7.348608e-01 6.611169e-01 -1.717844e-03 -5.192857e-02 2.559190e+00
7.586279e+03 3.221003e+02 1.488954e+03 7.496526e-01 5.291696e-01 1.167380e-01 1.637546e-02 2.009810e+00
7.581513e+03 3.034747e+02 9.373656e+02 5.043598e-01 9.955728e-01 -4.086312e-02 -3.616456e-02 3.303739e+00
7.725206e+03 3.179858e+02 1.692507e+03 3.837035e-01 2.400853e-01 1.466145e-01 -3.550686e-02 1.532154e+00
7.480309e+03 3.203421e+02 1.420969e+03 7.043793e-01 4.764335e-01 6.074154e-02 -4.322791e-03 2.231706e+00
7.491129e+03 3.072490e+02 1.110830e+03 2.047365e-01 8.263756e-01 5.189698e-02 -4.463217e-02 2.985101e+00
7.691381e+03 3.172025e+02 1.263437e+03 3.867743e-01 4.675593e-01 -6.042669e-03 -1.305871e-02 2.672174e+00
7.472127e+03 2.559785e+02 7.761373e+02 5.266438e-01 9.116302e-02 -1.493990e-02 1.588107e-02 1.717933e+00
7.940563e+03 2.991129e+02 1.482108e+03 4.633349e-01 3.085578e-01 -7.668964e-02 3.978425e-02 1.812627e+00
7.888324e+03 3.465421e+02 1.231256e+03 1.043999e-01 3.259643e-01 -1.352518e-01 3.804288e-02 1.708574e+00
7.852654e+03 3.069549e+02 9.928207e+02 8.362688e-01 8.718442e-02 -1.572703e-01 -2.437541e-03 1.109942e+00
7.636964e+03 3.363432e+02 9.540233e+02 6.740022e-01 6.091703e-01 1.001190e-01 -1.221964e-02 2.126726e+00
7.766388e+03 3.142502e+02 1.136373e+03 1.577792e-01 7.462757e-01 -9.014999e-02 1.195726e-02 2.555177e+00
7.371932e+03 3.060712e+02 1.645970e+03 6.680212e-01 2.996630e-01 1.489059e-01 1.794195e-02 1.612798e+00
7.849372e+03 2.914516e+02 9.356834e+02 2.117582e-02 4.900292e-01 -1.166418e-01 -1.326357e-02 2.018558e+00
7.546763e+03 3.461887e+02 8.402697e+02 5.304063e-01 3.422513e-01 -3.292806e-02 3.180868e-02 1.921627e+00
7.844177e+03 3.218330e+02 8.773054e+02 3.270284e-01 2.434102e-01 1.070141e-01 -1.774222e-02 1.606865e+00
7.952171e+03 2.700146e+02 1.395021e+03 6.146830e-01 9.839217e-01 -9.423967e-02 -3.234253e-02 3.021688e+00
7.958946e+03 3.452871e+02 1.343080e+03 8.550053e-01 7.908136e-01 -7.635132e-02 1.184376e-02 2.513524e+00
7.337397e+03 3.159507e+02 1.598650e+03 2.281848e-01 3.580278e-01 1.672666e-01 4.166936e-02 1.722674e+00
7.796208e+03 3.031943e+02 1.404809e+03 9.317944e-01 3.273897e-01 2.289425e-02 -2.382141e-02 2.043035e+00
7.219479e+03 3.084927e+02 1.002569e+03 2.091530e-01 3.264797e-02 1.041732e-01 -5.208163e-02 1.228605e+00
7.808614e+03 2.799458e+02 1.106202e+03 5.469021e-01 9.897562e-01 -1.135517e-01 4.901049e-02 2.659820e+00
7.234354e+03 3.365723e+02 1.643548e+03 2.899780e-01 3.684088e-03 -8.174546e-02 1.500205e-02 1.476309e+00
7.306411e+03 2.909146e+02 1.567970e+03 2.672776e-01 8.661240e-01 -1.603001e-02 3.485083e-02 3.178665e+00
7.428514e+03 3.199599e+02 8.859243e+02 8.984424e-01 6.916821e-01 -1.729547e-02 3.509668e-02 2.294007e+00
7.867551e+03 3.189277e+02 1.014145e+03 1.624573e-01 6.875792e-01 -1.139128e-01 -3.986640e-02 2.265802e+00
7.617984e+03 3.397290e+02 1.134999e+03 4.338368e-01 1.062031e-01 9.083318e-02 -1.296033e-02 1.505802e+00
7.434378e+03 3.146057e+02 9.914453e+02 8.487086e-01 6.903298e-01 6.042369e-02 2.162254e-02 2.294978e+00
7.585152e+03 3.244810e+02 5.817145e+02 7.615050e-02 1.598666e-02 -4.622420e-02 -2.663965e-02 1.575074e+00
7.638491e+03 3.074138e+02 1.063793e+03 6.608617e-01 6.890469e-01 1.338270e-01 6.363284e-03 2.169908e+00
7.940810e+03 2.813717e+02 7.992282e+02 6.943768e-03 8.073546e-01 -1.022033e-01 3.225383e-02 2.441793e+00
7.331193e+03 3.442633e+02 5.328420e+02 7.432255e-01 2.903044e-02 5.641009e-03 2.962992e-02 1.418854e+00
7.544365e+03 3.055841e+02 1.013236e+03 1.354892e-01 4.363481e-01 1.185385e-01 1.574164e-02 1.905605e+00
7.443981e+03 2.770637e+02 1.411283e+03 3.231074e-01 8.006846e-01 -1.335702e-01 2.228260e-02 2.520293e+00
7.287015e+03 3.262806e+02 8.530096e+02 8.704107e-01 2.250428e-01 1.397451e-01 2.478975e-02 1.324156e+00
7.439417e+03 2.900110e+02 1.028735e+03 9.442900e-01 3.316518e-01 -1.172758e-01 3.564619e-02 1.489857e+00
7.366134e+03 3.422692e+02 1.061143e+03 6.224131e-01 5.188787e-01 -1.654466e-01 -4.587160e-02 1.757517e+00
7.562526e+03 2.513053e+02 5.043265e+02 7.466503e-01 1.837165e-01 -1.544653e-01 -3.708179e-02 1.159110e+00
7.544919e+03 2.590120e+02 7.642779e+02 5.939669e-01 8.852081e-01 1.327902e-01 -1.668077e-02 2.446075e+00
7.857546e+03 3.237340e+02 8.487396e+02 5.347487e-01 4.891003e-01 5.335818e-02 4.596232e-02 1.995155e+00
7.935090e+03 3.370848e+02 1.666413e+03 7.325043e-01 9.779802e-01 -7.710958e-02 -4.560897e-02 3.144756e+00
7.869353e+03 3.496838e+02 8.630626e+02 2.501469e-01 8.485956e-01 3.151220e-02 -2.537529e-02 3.130351e+00
7.389615e+03 3.314049e+02 1.476340e+03 7.250306e-01 7.268863e-01 1.433440e-01 4.340829e-02 2.199264e+00
7.882083e+03 3.380543e+02 6.067365e+02 3.380926e-01 9.987752e-01 1.025849e-01 1.879750e-02 2.673535e+00
7.811358e+03 3.032039e+02 9.590694e+02 5.039442e-01 7.033135e-01 -1.153753e-01 3.421178e-02 2.163482e+00
7.566071e+03 2.929553e+02 1.267781e+03 7.454193e-01 2.232489e-01 -3.368850e-02 -3.167311e-02 1.845686e+00
7.275559e+03 2.832684e+02 1.000285e+03 5.770974e-01 9.634996e-01 4.420685e-02 -3.308816e-02 3.298595e+00
7.426497e+03 2.612966e+02 1.221763e+03 8.811080e-01 6.862273e-01 -1.513386e-01 -9.088235e-03 2.108616e+00
7.660176e+03 3.041243e+02 1.549331e+03 3.406703e-01 3.470109e-01 -2.499981e-02 -9.532464e-03 2.394516e+00
7.772057e+03 3.094296e+02 9.831443e+02 8.973631e-01 1.654254e-01 1.226182e-01 -2.372216e-02 1.242563e+00
7.610787e+03 2.855608e+02 1.521637e+03 8.331459e-01 1.427883e-01 2.872115e-02 -1.254040e-02 1.736137e+00
7.290045e+03 3.327624e+02 1.277874e+03 7.281821e-01 6.272341e-01 -1.225764e-01 -2.771003e-02 2.178312e+00
7.392896e+03 3.271076e+02 9.265719e+02 4.083540e-01 6.756610e-01 -1.375384e-01 3.700400e-02 2.104623e+00
7.662870e+03 3.498262e+02 9.385742e+02 2.600437e-02 2.617384e-02 1.335440e-02 5.064266e-02 1.619420e+00
7.547779e+03 3.295322e+02 5.721687e+02 8.866146e-01 2.452668e-01 1.084076e-01 3.052999e-02 1.354390e+00
7.874727e+03 3.109086e+02 1.590016e+03 9.577280e-01 1.505879e-01 -9.429564e-02 3.312480e-02 1.321730e+00
7.889888e+03 3.170909e+02 1.679096e+03 9.796993e-01 5.650179e-01 2.551809e-02 2.244730e-02 2.320409e+00
7.403550e+03 2.823490e+02 1.445157e+03 6.919960e-01 5.230117e-01 1.661173e-01 -1.244043e-02 1.910482e+00
7.357425e+03 2.556382e+02 1.232200e+03 8.260965e-01 7.017105e-01 1.334434e-01 2.659581e-02 2.138883e+00
7.702898e+03 2.734609e+02 7.517521e+02 9.232813e-01 2.580192e-01 -6.699418e-02 -1.757366e-02 1.495968e+00
7.870387e+03 2.865236e+02 8.878571e+02 4.925404e-01 9.554047e-01 1.443412e-02 -4.278843e-02 3.133242e+00
7.990548e+03 2.846996e+02 1.443886e+03 4.895841e-01 8.948154e-01 -8.110164e-02 -1.636744e-02 2.997243e+00
7.358723e+03 2.946639e+02 1.576070e+03 3.875821e-02 8.816485e-01 -1.158310e-01 1.538168e-02 2.908484e+00
7.881359e+03 3.466025e+02 1.243208e+03 3.998666e-03 6.251039e-01 -6.643344e-02 4.261221e-02 2.375238e+00
7.906322e+03 2.762079e+02 5.646935e+02 2.123319e-01 9.913027e-01 8.153319e-02 3.759543e-02 2.666272e+00
7.354929e+03 3.440749e+02 1.276337e+03 4.191977e-02 7.011570e-03 -1.224075e-02 -3.515736e-02 1.707966e+00
7.387916e+03 2.631530e+02 1.294570e+03 8.456738e-01 2.725688e-01 1.573116e-01 2.933435e-02 1.431589e+00
7.794110e+03 2.828361e+02 1.107412e+03 8.025983e-01 4.185580e-01 -1.411159e-01 -4.618916e-02 1.573383e+00
7.218283e+03 3.341797e+02 1.293698e+03 4.323573e-01 5.826931e-01 9.755051e-02 3.839256e-02 2.174259e+00
7.471314e+03 3.047460e+02 9.183655e+02 9.537038e-01 7.785139e-01 6.773238e-03 1.280561e-02 2.661626e+00
7.782884e+03 2.539281e+02 9.612711e+02 9.291252e-01 3.578965e-01 3.376773e-02 -4.212186e-02 1.773217e+00
7.215017e+03 2.667053e+02 6.630120e+02 9.256898e-01 4.443745e-01 8.132453e-02 3.964772e-02 1.675956e+00
7.481364e+03 2.646048e+02 8.700933e+02 5.406377e-02 8.096677e-02 -1.705934e-01 2.668429e-02 1.309091e+00
7.352550e+03 3.011525e+02 1.315239e+03 9.087384e-01 6.411476e-01 1.170800e-01 2.307464e-02 2.081692e+00
7.693971e+03 3.277304e+02 7.533381e+02 1.469315e-01 1.563164e-01 8.074658e-03 -4.363380e-02 1.718291e+00
7.696187e+03 3.195684e+02 8.848647e+02 3.400987e-02 1.389242e-01 -2.335780e-02 -2.745299e-02 1.939901e+00
7.492349e+03 2.501291e+02 1.362579e+03 7.923350e-01 8.954585e-01 -8.775541e-02 5.579929e-03 2.796817e+00
7.964354e+03 2.524788e+02 1.105321e+03 2.717815e-01 2.678104e-01 7.810317e-02 -3.377371e-03 1.817003e+00
7.625019e+03 3.152912e+02 1.270756e+03 8.156686e-01 1.823284e-01 -1.180958e-01 -3.279361e-02 1.343368e+00
7.591476e+03 3.117622e+02 1.009984e+03 5.001257e-01 6.050073e-01 1.662043e-01 -4.664954e-02 1.889817e+00
7.302929e+03 2.536375e+02 1.437788e+03 7.290397e-01 6.668491e-01 -1.497304e-01 3.028837e-02 2.125263e+00
7.493549e+03 3.161253e+02 7.177503e+02 4.721947e-01 1.903915e-01 1.094447e-01 4.613468e-02 1.490858e+00
7.523149e+03 2.527852e+02 1.466931e+03 1.361045e-01 3.198735e-01 -2.096932e-02 1.266506e-02 2.286804e+00
7.462538e+03 3.247199e+02 1.357768e+03 7.730672e-01 5.107138e-01 3.885643e-02 -1.884181e-02 2.446926e+00
7.879485e+03 2.746787e+02 7.382193e+02 9.715834e-01 3.109300e-01 7.899646e-02 -4.836759e-02 1.374172e+00
7.560751e+03 2.576991e+02 8.213399e+02 5.635175e-01 1.493808e-01 -2.839921e-02 -1.406641e-02 1.779783e+00
7.485839e+03 2.925190e+02 1.168943e+03 6.899608e-01 5.078759e-01 -1.298223e-02 -2.883300e-02 2.509584e+00
7.534090e+03 2.676987e+02 1.280570e+03 8.826095e-01 6.935838e-01 1.037289e-01 -1.500452e-02 2.297185e+00
7.664653e+03 3.123445e+02 5.220828e+02 8.886842e-01 5.443944e-01 3.138760e-02 4.517515e-02 1.874853e+00
7.540281e+03 2.521905e+02 1.094144e+03 1.021397e-01 7.420846e-01 1.322317e-01 -1.945121e-02 2.426632e+00
7.887302e+03 3.006185e+02 9.062868e+02 9.998928e-01 9.583014e-01 -1.610917e-01 -2.086467e-02 2.339922e+00
7.897335e+03 2.841517e+02 1.059993e+03 3.056020e-01 6.106400e-01 -8.451992e-02 -2.262094e-03 2.305328e+00
7.821969e+03 3.480599e+02 1.570398e+03 3.603272e-01 2.286616e-01 1.962825e-02 4.011081e-02 1.883967e+00
7.935483e+03 2.833837e+02 8.363279e+02 8.796987e-01 1.238533e-01 1.134486e-01 2.180995e-02 1.232637e+00
7.341221e+03 2.851445e+02 1.692947e+03 5.605256e-01 3.976116e-01 -1.053632e-01 5.142584e-02 1.864088e+00
7.237711e+03 2.777155e+02 7.597242e+02 1.439504e-01 1.058516e-01 4.883302e-02 1.065841e-02 1.715804e+00
7.838839e+03 3.004923e+02 7.103757e+02 3.105959e-01 2.155087e-01 -1.519518e-01 -6.833384e-03 1.436546e+00
7.289523e+03 3.437694e+02 1.026267e+03 2.703542e-01 4.634492e-01 -2.253565e-02 3.587677e-02 2.219894e+00
7.400284e+03 3.201650e+02 1.442027e+03 8.663763e-01 3.331381e-01 -3.859215e-02 -4.384332e-02 1.935145e+00
7.463754e+03 2.879561e+02 7.922942e+02 1.837319e-01 8.093980e-01 5.347369e-02 1.074460e-02 2.728182e+00
7.634471e+03 3.108798e+02 1.643994e+03 9.017853e-01 9.123740e-01 -1.355236e-01 5.115621e-03 2.656335e+00
7.749922e+03 3.202987e+02 1.648081e+03 7.537194e-01 7.605819e-01 9.283632e-02 -3.429683e-02 2.611025e+00
7.683690e+03 2.740412e+02 7.223643e+02 9.129566e-01 2.111634e-01 -1.308410e-01 1.547473e-02 1.269009e+00
7.242136e+03 2.774501e+02 1.326349e+03 8.308902e-01 8.108820e-01 -1.505982e-01 4.667769e-02 2.256369e+00
7.680546e+03 3.226441e+02 5.032375e+02 9.704934e-01 4.733984e-01 1.509399e-01 -4.175356e-02 1.443011e+00
7.595833e+03 2.713253e+02 8.837998e+02 2.067574e-01 9.647609e-01 6.353470e-03 -2.164005e-02 3.644647e+00
7.578185e+03 2.831233e+02 5.162461e+02 4.054857e-01 5.792105e-01 9.198094e-02 9.926960e-03 2.012455e+00
7.523689e+03 2.620955e+02 1.434639e+03 9.667034e-01 9.333337e-02 -7.295095e-02 -1.290569e-03 1.295694e+00
7.570317e+03 3.474631e+02 7.907385e+02 3.916442e-01 3.559572e-01 -5.395328e-02 -5.097385e-02 1.859707e+00
7.648123e+03 2.794894e+02 7.528054e+02 7.693451e-01 6.761788e-01 1.552825e-01 -5.065580e-02 1.880980e+00
7.720123e+03 3.124902e+02 6.674662e+02 7.393791e-01 3.711175e-01 1.298487e-01 -2.845009e-02 1.541356e+00
7.203713e+03 2.642314e+02 1.120896e+03 1.650203e-01 7.126345e-01 6.579929e-02 -3.085847e-02 2.774056e+00
7.745935e+03 3.285829e+02 1.004895e+03 2.972443e-02 1.223453e-01 1.139399e-01 -1.352818e-02 1.503746e+00
7.954151e+03 3.089329e+02 8.781129e+02 5.534498e-01 5.492665e-01 6.121217e-02 -1.583634e-02 2.207705e+00
7.316414e+03 3.051412e+02 9.635848e+02 2.694474e-01 2.831395e-01 -1.530799e-01 -2.879695e-02 1.557856e+00
7.936762e+03 3.321297e+02 6.460799e+02 8.719459e-01 8.802141e-01 -5.228793e-02 5.161214e-02 2.341301e+00
7.285399e+03 3.040486e+02 5.805974e+02 1.565559e-01 7.828464e-01 -1.278596e-01 7.320190e-03 2.321147e+00
7.424598e+03 2.553122e+02 1.508148e+03 3.758514e-01 9.927914e-01 1.362147e-01 5.114595e-02 2.797636e+00
7.268831e+03 2.567637e+02 9.725786e+02 2.405769e-01 5.064432e-01 -1.985680e-02 -2.807771e-02 2.605232e+00
7.792408e+03 2.580400e+02 5.626120e+02 4.118588e-01 1.374783e-01 4.615972e-02 -2.932380e-02 1.609759e+00
7.549240e+03 3.482533e+02 1.333178e+03 4.047587e-01 2.249669e-01 -9.134195e-02 -5.107919e-02 1.590616e+00
7.789814e+03 3.270063e+02 6.356095e+02 6.238371e-01 7.375902e-01 3.081646e-02 -1.145691e-02 2.605597e+00
7.604804e+03 3.260496e+02 7.336863e+02 4.519801e-01 7.929933e-01 -8.808133e-02 1.167555e-02 2.422907e+00
7.377973e+03 3.283628e+02 1.515557e+03 1.037254e-01 1.877994e-01 4.446833e-02 -4.890295e-02 1.868717e+00
7.531252e+03 3.102207e+02 8.118922e+02 4.284056e-01 1.848224e-01 1.540450e-01 -5.587135e-03 1.388132e+00
7.530075e+03 3.135320e+02 5.879982e+02 5.818873e-01 4.155484e-01 -4.687243e-02 5.088925e-02 1.857987e+00
7.567966e+03 2.648584e+02 1.133931e+03 1.284461e-02 7.257476e-01 -1.525818e-01 2.073775e-02 2.303725e+00
7.675148e+03 3.394896e+02 7.114471e+02 7.423132e-01 9.185602e-01 1.091992e-01 -1.608676e-02 2.504546e+00
7.268691e+03 3.250149e+02 1.574270e+03 4.699567e-01 4.934985e-01 -1.480103e-01 -3.370519e-02 1.965853e+00
7.370581e+03 2.906190e+02 1.318347e+03 9.157506e-01 1.210771e-01 8.711926e-02 -2.104700e-02 1.324330e+00
7.862577e+03 2.923398e+02 1.608581e+03 1.545151e-01 6.623916e-01 -1.089538e-01 3.617734e-02 2.353425e+00
7.913952e+03 2.717174e+02 1.056390e+03 5.592728e-01 7.458474e-01 -6.804148e-02 -3.916142e-02 2.551912e+00
7.483060e+03 2.753455e+02 1.130522e+03 4.765407e-01 7.642813e-01 2.235842e-02 1.313258e-02 2.906372e+00
7.238942e+03 3.133831e+02 8.138188e+02 6.510708e-01 8.826920e-01 -8.571089e-04 -4.330600e-02 2.955132e+00
7.456697e+03 3.177521e+02 7.688803e+02 9.853359e-01 1.198298e-01 -1.042019e-01 -1.453599e-02 1.085189e+00
7.684430e+03 3.024104e+02 1.529939e+03 5.374845e-01 3.938763e-01 1.585750e-01 -6.948074e-03 1.762111e+00
7.637757e+03 3.432133e+02 1.170197e+03 8.202642e-01 1.610323e-01 -7.781471e-02 2.763255e-02 1.461902e+00
7.839772e+03 3.213425e+02 1.346050e+03 5.012630e-01 1.287684e-01 -2.440317e-02 4.799072e-02 1.650735e+00
7.840513e+03 3.210203e+02 1.662352e+03 1.613720e-01 1.397894e-01 -1.690742e-01 -2.003023e-02 1.399102e+00
7.603216e+03 2.668289e+02 1.104699e+03 4.581193e-01 8.022936e-01 1.221859e-01 9.004753e-03 2.449815e+00
7.557946e+03 2.811473e+02 8.470071e+02 8.498728e-01 8.632674e-01 3.725475e-02 -1.715086e-02 2.874851e+00
7.264696e+03 2.617072e+02 1.121918e+03 7.029183e-01 7.202622e-01 -1.541057e-01 -7.623131e-03 2.203398e+00
7.359998e+03 3.080497e+02 1.189031e+03 2.470394e-01 5.991547e-01 -1.446594e-01 3.870311e-02 2.058546e+00
7.304695e+03 2.839545e+02 6.681997e+02 7.526763e-01 4.695956e-01 2.911254e-02 -9.675421e-03 2.159942e+00
7.431906e+03 2.962209e+02 1.010999e+03 9.870908e-01 4.521404e-01 -7.850992e-02 -3.630453e-02 1.763125e+00
7.408797e+03 3.148430e+02 1.235818e+03 3.164183e-02 8.189445e-01 1.470938e-01 3.890525e-02 2.475614e+00
7.801446e+03 2.598156e+02 1.240015e+03 6.360783e-01 1.622847e-03 1.705274e-01 1.674102e-02 1.085167e+00
7.396016e+03 2.575860e+02 1.265696e+03 5.923004e-01 5.034532e-02 6.390695e-02 3.603188e-02 1.467514e+00
7.678265e+03 3.413872e+02 1.520580e+03 1.672288e-01 9.028263e-01 -1.183626e-01 3.759263e-03 2.911249e+00
7.346443e+03 2.658282e+02 6.795688e+02 2.243932e-01 5.698863e-01 1.217229e-01 -8.590915e-03 2.030018e+00
7.561295e+03 2.765167e+02 5.737127e+02 7.190151e-01 8.349398e-02 -7.949923e-02 -2.106680e-02 1.283671e+00
7.245860e+03 2.505251e+02 1.402093e+03 9.648087e-01 9.879750e-01 5.001176e-02 -4.756965e-02 3.260491e+00
7.364164e+03 3.302720e+02 9.327353e+02 7.570692e-02 5.671668e-01 1.730963e-01 -4.368619e-02 1.907871e+00
7.687667e+03 2.500457e+02 1.449474e+03 9.083294e-02 5.102435e-02 -5.237504e-02 2.486333e-02 1.666612e+00
7.232709e+03 2.654361e+02 1.042792e+03 6.537476e-01 9.563235e-01 6.608687e-02 3.007404e-02 2.868696e+00
7.794438e+03 3.459908e+02 1.378958e+03 2.909165e-01 3.685662e-01 -1.262859e-01 -2.911486e-02 1.813165e+00
7.592738e+03 2.843749e+02 1.556274e+03 8.737327e-01 5.736945e-01 1.484580e-01 -6.004031e-03 1.997683e+00
7.405828e+03 2.664313e+02 8.373582e+02 8.041278e-01 1.601463e-01 -1.204170e-01 1.091438e-02 1.322608e+00
7.922000e+03 3.412757e+02 1.100213e+03 5.451285e-01 1.365643e-01 1.853419e-02 4.010735e-02 1.655594e+00
7.858144e+03 3.464799e+02 1.071221e+03 7.179052e-01 5.429388e-01 -7.050308e-02 1.652746e-03 2.139052e+00
7.258254e+03 2.867629e+02 5.341599e+02 4.901450e-02 5.592612e-01 -1.287484e-01 3.242226e-02 1.940761e+00
7.609799e+03 2.749897e+02 8.766134e+02 6.849359e-01 8.194785e-01 9.639595e-02 -4.430088e-02 2.401267e+00
7.276312e+03 2.656463e+02 1.371234e+03 5.256179e-01 6.426199e-01 2.854012e-02 -7.984764e-03 2.909452e+00
7.943890e+03 3.407695e+02 1.573044e+03 1.725220e-01 4.312525e-01 9.613800e-03 2.853020e-02 2.347517e+00
7.420157e+03 2.847958e+02 7.465265e+02 9.783288e-01 2.417196e-01 1.020398e-01 2.368128e-02 1.306769e+00
7.358112e+03 3.481358e+02 1.348960e+03 4.414432e-01 5.063324e-03 -2.517603e-02 4.054113e-02 1.554678e+00
7.514115e+03 3.317697e+02 9.858149e+02 9.303295e-01 1.593137e-01 1.528544e-01 4.021753e-02 1.181179e+00
7.383557e+03 2.789681e+02 1.147533e+03 4.188769e-01 9.738522e-01 -1.442139e-02 -1.415730e-02 3.816927e+00
7.407521e+03 3.347673e+02 5.770032e+02 2.609396e-01 6.500436e-01 1.268093e-01 -3.761628e-02 2.044864e+00
7.695980e+03 3.436694e+02 5.522521e+02 2.387265e-01 3.787419e-01 -1.738365e-01 -5.196787e-02 1.466241e+00
7.354074e+03 2.626540e+02 9.498790e+02 8.160536e-01 4.537017e-01 1.458682e-01 -2.417186e-02 1.697339e+00
7.216011e+03 3.386084e+02 1.077950e+03 7.056384e-01 1.775105e-02 -1.661417e-01 4.358445e-02 1.102494e+00
7.493781e+03 2.857969e+02 7.414680e+02 9.493733e-01 3.055148e-01 -9.381749e-02 4.263182e-02 1.437998e+00
7.692492e+03 2.987873e+02 1.273408e+03 4.270724e-01 5.589886e-01 -1.786522e-02 -4.487850e-02 2.501055e+00
7.861013e+03 3.193266e+02 1.241542e+03 5.433201e-01 7.056655e-01 9.077432e-03 5.035540e-02 2.410148e+00
7.468760e+03 3.206940e+02 1.514003e+03 8.250543e-01 4.502204e-01 4.113580e-02 3.165225e-02 2.113475e+00
7.336128e+03 2.715179e+02 8.810998e+02 8.515566e-01 2.765220e-01 1.453112e-01 9.493538e-03 1.411989e+00
7.278727e+03 2.652557e+02 7.497350e+02 1.713574e-01 7.175933e-01 1.330767e-01 -4.818603e-02 2.165232e+00
7.666393e+03 2.502128e+02 1.119508e+03 4.159131e-01 9.965411e-01 1.605784e-01 3.151425e-03 2.749961e+00
7.566855e+03 3.400330e+02 5.694427e+02 7.107944e-01 4.727852e-01 4.725987e-02 -4.750335e-02 1.908217e+00
7.369135e+03 3.338323e+02 7.072309e+02 6.564301e-01 8.471915e-01 -2.600331e-02 3.280973e-03 2.843327e+00
7.808922e+03 2.523992e+02 5.120688e+02 6.131239e-01 4.888163e-01 3.974198e-02 4.081902e-02 1.953965e+00
7.828358e+03 2.639248e+02 1.272308e+03 6.767898e-01 3.853492e-01 -1.648253e-02 3.149104e-02 2.034132e+00
7.938101e+03 3.301094e+02 1.407951e+03 6.205246e-01 1.884487e-01 1.593624e-01 -5.073877e-02 1.246423e+00
7.728900e+03 3.362330e+02 1.335227e+03 9.831878e-02 3.810175e-01 -1.438051e-01 -2.222546e-02 1.821413e+00
7.331417e+03 2.803487e+02 1.138341e+03 7.549266e-01 7.518805e-01 1.603778e-01 9.977217e-03 2.218740e+00
7.491332e+03 3.232552e+02 1.629494e+03 4.565687e-01 6.266909e-01 1.154365e-02 1.397595e-02 2.892027e+00
7.415791e+03 3.013679e+02 1.536413e+03 5.383922e-01 5.125560e-01 9.841689e-02 -3.518764e-02 2.165528e+00
7.296027e+03 3.251387e+02 5.995733e+02 5.874046e-01 5.924743e-01 1.651036e-01 4.319820e-02 1.809866e+00
7.646898e+03 2.638705e+02 1.583268e+03 5.959043e-01 7.748808e-01 1.306124e-02 4.975731e-02 2.658293e+00
7.995358e+03 3.320798e+02 1.053432e+03 3.446786e-01 8.152250e-01 -1.216393e-01 -2.976999e-02 2.469936e+00
7.494766e+03 2.563813e+02 1.398213e+03 2.114659e-01 5.879876e-01 6.462581e-02 -9.448531e-03 2.576395e+00
7.526048e+03 2.636371e+02 9.433511e+02 4.797512e-01 6.219196e-01 4.204664e-02 -4.295032e-02 2.479226e+00
7.391443e+03 3.309543e+02 1.495027e+03 3.090510e-01 6.976451e-01 -6.580003e-02 -2.706070e-02 2.862715e+00
7.819401e+03 3.054179e+02 1.694160e+03 4.140602e-01 8.970548e-01 1.130137e-01 1.365468e-02 2.848373e+00
7.717898e+03 2.877305e+02 6.837643e+02 1.155966e-01 3.280115e-01 1.712444e-01 2.998877e-02 1.574296e+00
7.666854e+03 2.781869e+02 7.151211e+02 7.071619e-02 6.990808e-01 1.734972e-01 -2.970047e-02 2.096485e+00
7.533537e+03 3.057761e+02 6.188996e+02 7.952914e-01 8.924238e-01 -8.061350e-02 -3.680354e-02 2.475539e+00
7.461344e+03 3.087508e+02 1.366260e+03 2.546996e-01 8.550909e-01 -1.323934e-01 -4.070197e-02 2.641727e+00
7.457855e+03 2.657522e+02 8.916788e+02 5.475549e-01 9.743339e-01 -1.278219e-02 -3.830343e-02 3.295366e+00
7.504071e+03 2.554294e+02 1.116292e+03 8.062316e-01 9.169373e-01 8.091853e-02 4.707389e-02 2.561217e+00
7.977024e+03 2.577824e+02 1.407036e+03 4.030076e-01 9.318769e-01 1.723537e-01 -2.611716e-02 2.647205e+00
7.994990e+03 3.209109e+02 1.501571e+03 9.342629e-01 2.468101e-01 4.161511e-02 4.567290e-02 1.621010e+00
7.821065e+03 3.415377e+02 1.038841e+03 6.529522e-01 3.702335e-01 5.986353e-02 -2.349740e-02 1.958283e+00
7.388006e+03 2.665759e+02 9.745224e+02 4.466566e-01 9.904802e-02 -3.319001e-02 -4.655563e-02 1.555861e+00
7.919323e+03 3.162808e+02 8.324294e+02 3.022566e-01 5.110638e-01 -1.363179e-01 4.377183e-02 1.848729e+00
7.845966e+03 3.181284e+02 6.503138e+02 6.646681e-01 4.556363e-01 5.552103e-02 8.403908e-04 1.948510e+00
7.851755e+03 2.815685e+02 6.897684e+02 7.414551e-01 7.531175e-01 5.600640e-02 5.172236e-02 2.213820e+00
7.246407e+03 3.307817e+02 1.182835e+03 8.401231e-01 7.166435e-01 -3.993707e-02 3.429243e-02 2.478758e+00
7.927007e+03 3.383899e+02 1.123770e+03 6.839337e-01 1.093983e-01 8.467157e-02 -1.956280e-02 1.403672e+00
7.321027e+03 2.864436e+02 5.919706e+02 7.871403e-01 5.044280e-01 1.440849e-01 1.782007e-02 1.692595e+00
7.998681e+03 2.974246e+02 9.444325e+02 4.267209e-01 4.862188e-03 -1.515662e-02 7.952490e-03 1.660807e+00
7.527532e+03 2.545722e+02 1.421857e+03 2.186633e-01 1.274322e-01 -8.945200e-02 -3.960282e-02 1.548654e+00
7.947202e+03 3.435488e+02 6.972439e+02 8.387665e-01 9.947319e-01 -1.623626e-01 3.441480e-03 2.431858e+00
7.290969e+03 3.467494e+02 1.471759e+03 6.014290e-02 7.851106e-01 -1.366118e-01 1.043886e-02 2.615214e+00
7.709417e+03 2.889780e+02 1.431289e+03 4.295871e-02 3.299208e-01 -6.213598e-02 -4.851679e-02 2.027511e+00
7.748743e+03 2.744969e+02 1.206675e+03 2.949076e-01 4.495023e-01 -9.251918e-02 -1.909016e-03 2.062567e+00
7.470912e+03 2.870012e+02 1.113109e+03 1.111480e-01 6.643726e-01 1.671180e-01 3.110014e-02 2.138654e+00
7.755759e+03 2.758860e+02 9.045083e+02 6.399510e-01 3.460159e-01 -6.330484e-03 3.393159e-02 1.907867e+00
7.554954e+03 3.494614e+02 1.538140e+03 7.383955e-01 7.632574e-01 8.882453e-02 5.023641e-03 2.611220e+00
7.399490e+03 3.275658e+02 1.402771e+03 8.776105e-01 8.706992e-01 -1.567703e-01 -5.085982e-02 2.386747e+00
7.582157e+03 3.290690e+02 5.541319e+02 4.402526e-01 3.965074e-01 1.477087e-01 8.518972e-03 1.642921e+00
7.803861e+03 2.569886e+02 1.459838e+03 8.536033e-02 6.543723e-01 4.751828e-02 -4.110422e-02 2.808104e+00
7.726460e+03 2.812947e+02 1.382368e+03 6.419275e-02 5.933557e-01 -1.248689e-01 4.435898e-02 2.148840e+00
7.624242e+03 3.276331e+02 9.137186e+02 9.440646e-02 7.585557e-01 -2.571810e-02 -4.147676e-02 2.879193e+00
7.507202e+03 3.036073e+02 7.932111e+02 6.449253e-01 3.437764e-01 -2.179095e-02 -1.805424e-02 2.103288e+00
7.647307e+03 3.118201e+02 1.385898e+03 2.330279e-01 3.027437e-01 9.893938e-02 5.123936e-02 1.760999e+00
7.387187e+03 2.570020e+02 6.262032e+02 5.139336e-01 6.407982e-01 -5.034582e-02 2.405363e-02 2.246384e+00
7.459877e+03 2.672988e+02 8.338495e+02 2.646898e-01 8.179957e-01 1.205362e-02 -1.983530e-02 3.244911e+00
7.360327e+03 2.702040e+02 6.549825e+02 3.708643e-01 2.448383e-02 -6.484370e-02 -1.424367e-02 1.453698e+00
7.406911e+03 2.998892e+02 1.349867e+03 4.942575e-01 4.796531e-01 1.698280e-01 5.194042e-02 1.780797e+00
7.771986e+03 3.265294e+02 6.009650e+02 2.687159e-01 6.326946e-01 -2.878753e-02 -2.239841e-02 2.575629e+00
7.712964e+03 2.565061e+02 7.398962e+02 4.806530e-01 3.227659e-01 1.709295e-01 -3.788179e-02 1.436096e+00
7.577575e+03 2.863978e+02 1.290208e+03 4.640992e-01 9.824879e-01 7.410830e-02 -4.966588e-02 3.141962e+00
7.324210e+03 2.551341e+02 6.834538e+02 5.782377e-01 7.399255e-01 2.391167e-02 -1.232301e-03 2.721032e+00
7.308123e+03 2.688221e+02 1.505644e+03 3.320924e-01 4.041644e-01 4.339986e-02 2.496168e-02 2.225223e+00
7.892364e+03 3.274906e+02 7.677660e+02 3.369484e-01 4.749181e-01 -5.434957e-02 2.205928e-03 2.130746e+00
7.937031e+03 3.110359e+02 6.614573e+02 5.662483e-01 2.905588e-01 1.312732e-01 -3.758745e-02 1.433059e+00
7.335047e+03 3.286478e+02 6.200775e+02 1.381899e-02 6.132998e-02 -6.399850e-02 2.979384e-02 1.609107e+00
7.699285e+03 2.751050e+02 1.068773e+03 9.241210e-01 3.918968e-02 8.560007e-03 -2.556228e-02 1.399602e+00
7.716842e+03 3.091465e+02 1.308823e+03 8.832085e-01 7.551216e-01 2.307421e-02 -1.645919e-02 2.997684e+00
7.258475e+03 3.379138e+02 7.853061e+02 3.521345e-01 4.630995e-02 1.235102e-01 2.642158e-02 1.331448e+00
7.805243e+03 3.330809e+02 8.714784e+02 8.416530e-01 4.868760e-01 6.269626e-02 3.349823e-02 1.873397e+00
7.626089e+03 3.401461e+02 8.621302e+02 1.736855e-01 3.691699e-01 -1.597575e-01 -3.321670e-02 1.627575e+00
7.731682e+03 3.116376e+02 7.089551e+02 8.349684e-01 2.884245e-01 2.010681e-02 1.460073e-02 1.772957e+00
7.615469e+03 3.127278e+02 1.477091e+03 2.383177e-02 5.379951e-02 1.611706e-01 7.071175e-03 1.326061e+00
7.896721e+03 3.045560e+02 1.687908e+03 1.597966e-02 6.088109e-01 1.110126e-01 -3.143309e-02 2.399242e+00
7.627428e+03 2.785239e+02 1.561813e+03 5.156233e-01 1.016716e-01 7.011382e-02 -2.626532e-02 1.584801e+00
7.503050e+03 3.476936e+02 1.370132e+03 8.540923e-01 1.188193e-01 1.343990e-01 -1.207662e-02 1.234874e+00
7.513573e+03 2.893463e+02 7.636915e+02 8.967711e-01 3.349100e-01 -1.456156e-01 2.154028e-03 1.440457e+00
7.639319e+03 3.423994e+02 1.320939e+03 4.090916e-01 4.176805e-01 1.418981e-01 -3.382960e-02 1.794686e+00
7.747847e+03 2.680703e+02 1.288128e+03 7.917087e-01 9.531167e-01 -9.958516e-02 3.647819e-02 2.650161e+00
7.293615e+03 2.549072e+02 1.424532e+03 8.396570e-01 8.691441e-02 3.316825e-02 -1.333744e-02 1.608813e+00
7.834657e+03 3.066055e+02 1.158225e+03 4.064804e-01 2.542221e-01 -3.858947e-03 -6.338040e-04 2.185961e+00
7.414462e+03 2.728124e+02 1.562260e+03 4.255155e-01 6.186985e-01 1.193625e-01 -1.979023e-02 2.343938e+00
7.433545e+03 3.026993e+02 1.658821e+03 5.504244e-01 3.895835e-01 1.017987e-01 -8.857784e-03 1.988063e+00
7.824233e+03 3.239544e+02 1.307889e+03 7.835361e-01 5.411780e-01 1.172548e-03 -3.635880e-03 2.644867e+00
7.496631e+03 2.507097e+02 1.559352e+03 4.443476e-01 2.397146e-01 3.410658e-02 -3.927373e-02 2.001835e+00
7.966728e+03 3.421880e+02 6.242836e+02 8.019938e-01 6.790263e-01 -5.283291e-03 -3.260918e-02 2.405329e+00
7.891242e+03 2.606706e+02 8.544308e+02 7.933311e-01 8.227654e-01 -7.604484e-02 2.914773e-02 2.350469e+00
7.966362e+03 3.424195e+02 7.945868e+02 9.390012e-01 1.045342e-01 -1.685481e-01 -1.495736e-02 9.953447e-01
7.633425e+03 2.544927e+02 8.320306e+02 2.101940e-01 4.485799e-01 -8.403573e-02 -1.821799e-02 2.032833e+00
7.543247e+03 3.336134e+02 1.254629e+03 9.205078e-01 2.041279e-01 -1.174564e-01 3.111475e-02 1.350982e+00
7.959549e+03 3.120675e+02 1.496986e+03 4.789164e-01 3.068083e-01 -1.027379e-02 4.069603e-02 1.947142e+00
7.867084e+03 3.429951e+02 6.894387e+02 4.814141e-01 7.976333e-01 -1.910152e-02 1.677573e-02 2.694281e+00
7.318259e+03 2.600125e+02 1.144130e+03 7.608263e-01 6.169304e-01 -1.656715e-01 -3.249413e-03 1.988974e+00
7.722677e+03 2.856239e+02 1.614985e+03 2.981183e-01 1.336971e-01 9.439137e-02 5.751495e-03 1.613883e+00
7.795314e+03 3.456600e+02 9.772763e+02 3.162043e-01 5.768128e-01 -1.422293e-02 4.929399e-02 2.223778e+00
7.310851e+03 2.994074e+02 8.163754e+02 5.279122e-01 1.450330e-01 -8.088363e-02 3.983118e-02 1.524355e+00
7.911154e+03 2.890734e+02 1.049620e+03 6.072814e-01 1.240230e-01 3.256256e-02 -4.574774e-02 1.525116e+00
7.619285e+03 3.046725e+02 1.531744e+03 3.563398e-01 2.127534e-01 8.678281e-02 3.025432e-02 1.707573e+00
7.506580e+03 3.079686e+02 7.484570e+02 6.727420e-01 3.140522e-01 -4.526965e-03 2.811416e-02 1.861885e+00
7.413322e+03 2.939188e+02 1.536814e+03 7.903511e-01 9.282747e-01 -3.109305e-02 -3.128221e-02 3.562626e+00
7.762557e+03 2.587261e+02 6.403786e+02 1.136474e-01 5.717144e-01 -1.627907e-01 -3.238350e-02 1.882030e+00
7.812805e+03 2.561934e+02 8.285580e+02 9.777932e-01 8.653365e-01 -9.298084e-02 2.510402e-02 2.259749e+00
7.416739e+03 3.258324e+02 9.761434e+02 6.382851e-01 7.094888e-01 5.289353e-02 1.688665e-02 2.478013e+00
7.658839e+03 3.056553e+02 1.633611e+03 8.509426e-01 8.901487e-01 -5.944381e-02 2.049086e-02 2.913450e+00
7.974128e+03 2.835345e+02 1.436186e+03 6.080204e-01 5.286344e-01 -1.075750e-01 1.006729e-02 2.058099e+00
7.788021e+03 2.954234e+02 1.581373e+03 2.461211e-02 8.576174e-01 -5.346360e-02 3.187464e-02 3.048163e+00
7.621604e+03 2.819879e+02 1.303466e+03 1.905930e-01 9.278902e-01 1.636961e-01 1.431943e-02 2.679590e+00
7.580159e+03 3.028606e+02 7.273037e+02 1.852815e-01 1.312569e-01 -7.537799e-03 2.928984e-02 1.792362e+00
7.231372e+03 3.263139e+02 5.377491e+02 7.863915e-01 9.321172e-01 -1.204358e-01 8.332044e-03 2.395077e+00
7.662356e+03 2.853057e+02 5.305321e+02 1.291520e-01 2.826464e-01 -3.611059e-02 -1.160207e-02 1.985109e+00
7.314605e+03 3.242454e+02 1.432894e+03 9.324550e-01 9.811830e-01 -1.674274e-01 1.047647e-02 2.620681e+00
7.673830e+03 3.147597e+02 5.965118e+02 1.665969e-01 8.376711e-01 -1.473506e-01 -3.710682e-03 2.363932e+00
7.432280e+03 2.614453e+02 6.982211e+02 6.480469e-01 2.916942e-01 -1.553647e-01 -3.067881e-02 1.412532e+00
7.243550e+03 3.304623e+02 1.027993e+03 3.285136e-01 6.220581e-01 6.541737e-02 5.180202e-02 2.265087e+00
7.810627e+03 3.254901e+02 1.599768e+03 7.983606e-01 8.618932e-01 -4.043452e-02 9.567178e-03 3.050638e+00
7.730070e+03 3.025362e+02 1.631111e+03 3.729539e-01 4.105588e-01 1.407094e-02 -3.940468e-02 2.399236e+00
7.510379e+03 2.518495e+02 1.571021e+03 6.289847e-01 5.336542e-01 -3.313289e-03 1.622436e-02 2.584554e+00
7.951850e+03 3.130444e+02 1.087993e+03 4.664585e-03 1.773363e-01 -9.545617e-02 -2.206882e-02 1.658724e+00
7.876809e+03 3.458103e+02 1.656906e+03 8.685801e-01 6.855996e-01 -3.196963e-02 1.774482e-02 2.633760e+00
7.335980e+03 3.316905e+02 1.592431e+03 1.397121e-01 3.958337e-01 -1.391663e-01 -2.789618e-02 1.917018e+00
7.970350e+03 2.645565e+02 1.300142e+03 7.812997e-01 3.774276e-01 1.607835e-02 -4.702157e-02 1.965572e+00
7.541926e+03 3.017117e+02 1.470783e+03 4.102630e-01 3.728835e-01 1.225987e-02 -2.081122e-02 2.503430e+00
