7.939175e+03 3.279945e+02 5.426736e+02 6.964438e-01 1.455007e-01 -3.080546e-02 -1.571204e-02 2.337714e+00
7.252466e+03 2.657054e+02 1.044670e+03 6.730710e-01 6.182814e-01 -1.989585e-02 3.369002e-02 4.930141e+00
7.981730e+03 3.177002e+02 5.147988e+02 1.186378e-01 2.481686e-01 -1.730792e-01 1.831061e-02 1.981214e+00
7.682284e+03 2.543775e+02 1.372087e+03 4.111318e-01 9.076753e-01 -6.465250e-02 3.478213e-02 6.433080e+00
7.485566e+03 3.324287e+02 9.304034e+02 7.947918e-01 2.779699e-01 7.588011e-03 2.780734e-02 3.081993e+00
7.954774e+03 3.445235e+02 1.542931e+03 9.059928e-01 5.489035e-01 1.046985e-01 -1.897020e-02 4.517183e+00
7.845780e+03 2.554587e+02 5.331017e+02 3.208417e-01 4.181715e-01 1.724341e-02 -4.316557e-02 3.411056e+00
7.576735e+03 3.434716e+02 7.086003e+02 6.288370e-01 8.911180e-01 -1.201653e-01 -1.399539e-02 4.811616e+00
7.490776e+03 3.245272e+02 8.073558e+02 2.942113e-01 3.830592e-01 1.309173e-01 3.758121e-03 2.993222e+00
7.482202e+03 2.742030e+02 6.827734e+02 1.712089e-01 2.806307e-01 -6.045827e-02 3.693679e-02 2.764197e+00
7.631084e+03 2.707317e+02 5.959959e+02 8.019650e-01 9.299675e-01 -1.238737e-01 -8.357664e-03 4.513316e+00
7.945253e+03 2.999297e+02 1.021416e+03 7.520219e-01 2.565806e-01 1.043612e-01 -3.376769e-02 2.627969e+00
7.595191e+03 2.996782e+02 7.769946e+02 7.614934e-02 2.067024e-01 -9.221504e-02 1.939738e-02 2.522907e+00
7.364984e+03 3.030902e+02 1.494843e+03 6.138598e-01 1.466169e-01 4.858603e-02 -1.731332e-02 3.175985e+00
7.691204e+03 3.488518e+02 8.491006e+02 2.066652e-01 7.896935e-01 -1.019007e-01 -3.673700e-03 4.959330e+00
7.467866e+03 2.752706e+02 1.250101e+03 4.486244e-01 5.888365e-01 -7.108523e-02 1.106342e-02 4.987470e+00
7.725215e+03 3.055014e+02 7.397594e+02 8.703715e-01 1.704438e-01 -1.648080e-01 -2.883395e-02 1.798255e+00
7.616784e+03 3.492946e+02 8.756800e+02 8.506097e-01 3.703575e-02 -2.082188e-02 -1.001254e-02 2.127804e+00
7.824068e+03 2.608920e+02 1.272690e+03 3.178322e-01 3.858112e-01 1.201174e-01 -1.649642e-02 3.544879e+00
7.951392e+03 2.780727e+02 1.036148e+03 9.606021e-01 6.399971e-01 9.246805e-02 -3.684490e-02 4.309731e+00
7.532567e+03 3.000625e+02 1.444801e+03 3.098941e-01 3.555059e-01 -1.303536e-02 -2.622168e-02 4.997330e+00
7.426867e+03 2.547738e+02 7.176501e+02 1.050088e-01 4.675518e-02 9.474363e-02 3.075315e-02 1.878560e+00
7.492640e+03 3.282724e+02 6.772146e+02 9.271913e-01 9.446977e-01 -1.555848e-01 -6.357160e-04 4.468771e+00
7.806249e+03 2.616082e+02 9.218729e+02 9.135301e-02 8.728412e-01 -8.426717e-02 -1.428857e-02 5.805455e+00
7.608916e+03 3.134896e+02 1.204570e+03 7.093947e-01 5.667880e-01 -1.520914e-01 -2.031965e-02 3.963506e+00
7.238512e+03 2.883218e+02 1.142421e+03 8.952843e-02 1.995741e-01 1.681959e-01 -1.227145e-03 2.542675e+00
7.491579e+03 2.505693e+02 6.857552e+02 9.646924e-01 7.678205e-02 1.226011e-02 -7.029266e-03 2.144927e+00
7.221798e+03 3.490660e+02 1.530838e+03 8.639522e-01 3.253064e-01 1.263677e-01 3.208118e-02 3.190081e+00
7.692658e+03 3.139989e+02 7.529785e+02 9.761264e-01 1.878907e-01 5.915208e-02 -9.434247e-03 2.340495e+00
7.930362e+03 3.247368e+02 9.365027e+02 2.743868e-01 6.618839e-01 -2.328135e-02 -3.573992e-02 5.543830e+00
7.323012e+03 2.508740e+02 1.092879e+03 7.438286e-01 3.318122e-01 -1.160654e-01 -2.751802e-02 3.149236e+00
7.370346e+03 2.782339e+02 5.089265e+02 1.579709e-01 3.103186e-02 5.102751e-02 3.419589e-02 1.858089e+00
7.699300e+03 3.441285e+02 1.366937e+03 8.938078e-01 7.003736e-01 -1.738046e-01 -4.522619e-02 4.296154e+00
7.448333e+03 2.563731e+02 1.006527e+03 9.492300e-01 9.609247e-01 5.501794e-02 5.538189e-03 6.542480e+00
7.549888e+03 3.046700e+02 9.099320e+02 6.405435e-01 4.340626e-01 1.362905e-01 1.754471e-02 3.081871e+00
7.270701e+03 3.364795e+02 7.633571e+02 9.000153e-01 3.866657e-02 -4.057591e-02 4.781936e-02 1.682587e+00
7.765894e+03 3.226397e+02 1.292579e+03 6.609195e-01 1.519781e-01 9.947539e-02 -1.327870e-02 2.512379e+00
7.486994e+03 2.963645e+02 1.227812e+03 2.485912e-01 8.520557e-01 -1.501849e-01 2.569383e-02 5.220589e+00
7.246182e+03 2.842681e+02 1.233145e+03 5.397665e-02 7.425550e-01 -7.515595e-02 4.187707e-02 5.475063e+00
7.478118e+03 3.425863e+02 1.025096e+03 9.223253e-01 8.750864e-01 -6.987972e-02 -4.864442e-02 6.047340e+00
7.317787e+03 2.676719e+02 1.154051e+03 8.865018e-01 1.336289e-02 -8.197033e-02 1.694480e-03 1.770483e+00
7.610850e+03 2.544310e+02 1.197010e+03 2.491528e-01 2.330166e-01 7.286146e-02 1.638036e-02 3.040717e+00
7.383799e+03 2.928187e+02 1.290014e+03 8.894760e-01 1.147447e-01 2.848461e-02 -2.989066e-02 2.809967e+00
7.454303e+03 3.084902e+02 1.136807e+03 7.031722e-01 4.090165e-01 -4.024505e-02 9.638002e-03 4.115424e+00
7.530096e+03 3.051774e+02 1.214799e+03 6.238343e-01 2.277095e-02 -1.441238e-02 1.322921e-02 2.287680e+00
7.901265e+03 2.956910e+02 8.976497e+02 6.348759e-01 6.903222e-01 -6.442180e-02 1.947930e-02 4.555363e+00
7.446198e+03 2.593553e+02 1.333871e+03 4.748425e-01 7.431865e-01 1.301855e-01 -3.297531e-02 5.334337e+00
7.705306e+03 2.837806e+02 8.747966e+02 1.908368e-01 7.543005e-01 8.188561e-03 3.130947e-02 5.264860e+00
7.229897e+03 3.330777e+02 8.620730e+02 9.823423e-01 9.850766e-01 -1.463741e-01 1.340614e-02 5.101480e+00
7.834078e+03 2.886550e+02 1.265434e+03 9.527393e-01 4.235913e-01 7.976307e-02 -1.613565e-02 3.826794e+00
7.241691e+03 3.243320e+02 6.499935e+02 7.673114e-01 3.784695e-01 -7.385444e-02 3.865392e-02 2.831923e+00
7.665647e+03 3.483850e+02 1.098130e+03 6.772696e-01 3.729368e-01 1.449424e-01 -1.908662e-02 3.056178e+00
7.660606e+03 2.574451e+02 7.946734e+02 3.580819e-01 6.640470e-02 -3.655711e-02 3.828172e-02 2.103381e+00
7.310166e+03 2.931497e+02 1.657398e+03 8.159821e-01 6.021233e-02 9.863666e-02 2.025302e-02 2.156133e+00
7.585013e+03 2.817693e+02 1.671155e+03 3.284355e-01 5.090350e-01 3.061561e-02 -3.102170e-02 6.190337e+00
7.854368e+03 3.170222e+02 1.611443e+03 3.449263e-01 9.119791e-01 1.395064e-01 4.279576e-02 5.743090e+00
7.607006e+03 3.482399e+02 1.517794e+03 9.437017e-01 8.195296e-01 -2.139967e-02 -4.969616e-02 7.260396e+00
7.721068e+03 3.280902e+02 1.117569e+03 9.789636e-01 1.256896e-01 1.419330e-01 -2.606511e-02 1.885196e+00
7.504424e+03 2.516276e+02 1.360473e+03 2.527878e-02 1.318311e-01 -1.247019e-01 -6.804370e-03 2.552231e+00
7.329371e+03 2.659248e+02 5.243428e+02 9.933955e-01 1.945898e-02 1.403107e-01 -2.774346e-02 1.187098e+00
7.695553e+03 2.875508e+02 1.505006e+03 9.235208e-01 6.672927e-01 -2.842363e-02 -7.560476e-03 6.505087e+00
7.432575e+03 2.778013e+02 1.088449e+03 5.319543e-01 3.134100e-01 -7.075433e-02 4.987684e-02 3.053604e+00
7.793558e+03 2.740602e+02 1.585806e+03 5.143375e-01 5.437842e-01 1.656405e-01 -5.065166e-02 3.987029e+00
7.702460e+03 3.174197e+02 1.193936e+03 1.880415e-01 2.447406e-01 3.930525e-02 -3.618593e-02 3.621615e+00
7.325070e+03 2.666478e+02 8.336172e+02 1.537160e-01 4.142709e-01 -4.534373e-03 2.391388e-02 3.936053e+00
7.981556e+03 3.384738e+02 1.007708e+03 9.031703e-01 9.985129e-02 1.192871e-01 2.981821e-02 1.751692e+00
7.347006e+03 2.689543e+02 1.552696e+03 4.514189e-01 9.803848e-01 -4.995767e-02 -2.347609e-02 9.116648e+00
7.624631e+03 2.730069e+02 1.363508e+03 3.811692e-02 1.501729e-01 1.725241e-01 4.102343e-02 2.277937e+00
7.444379e+03 2.720488e+02 1.203609e+03 4.156624e-01 9.093589e-01 -1.334976e-01 -6.105391e-03 5.913883e+00
7.704792e+03 2.944759e+02 1.062994e+03 6.369482e-01 3.623105e-01 -8.674462e-02 2.618092e-02 3.171518e+00
7.551612e+03 3.428648e+02 5.552560e+02 6.156765e-01 7.985454e-01 -1.019798e-01 -3.454404e-02 4.229524e+00
7.673683e+03 2.672356e+02 1.168627e+03 1.616611e-01 9.137399e-01 2.470124e-02 2.538394e-02 7.014662e+00
7.529101e+03 3.073222e+02 1.192733e+03 7.213350e-01 3.904959e-01 -5.896708e-02 -1.308696e-02 4.065612e+00
7.507078e+03 2.685395e+02 1.202668e+03 2.818465e-01 8.282160e-01 1.011928e-01 -8.421527e-03 5.952797e+00
7.729144e+03 2.930504e+02 6.513391e+02 1.644959e-01 3.972503e-01 -3.785569e-02 3.150588e-02 3.265255e+00
7.960828e+03 3.377640e+02 7.107854e+02 4.862334e-01 7.905824e-01 -3.164637e-02 -3.353151e-02 5.593426e+00
7.325650e+03 2.533896e+02 7.412786e+02 6.358411e-01 2.133744e-01 -1.528689e-01 -4.398868e-02 2.071751e+00
7.638490e+03 2.517912e+02 5.237415e+02 9.763867e-03 2.577841e-01 3.621952e-02 3.661019e-02 2.642832e+00
7.600804e+03 3.227850e+02 8.283825e+02 1.297407e-01 1.477752e-01 -3.677023e-02 4.393070e-02 2.453252e+00
7.430190e+03 3.157211e+02 1.182643e+03 4.983090e-01 7.594136e-02 -1.252965e-01 3.540242e-02 1.977081e+00
7.500855e+03 2.525002e+02 1.635629e+03 9.201915e-01 8.813271e-01 -1.000148e-01 -1.117295e-02 6.824874e+00
7.365768e+03 3.489474e+02 6.600676e+02 5.915299e-01 4.816060e-01 -9.366159e-02 3.603121e-02 3.120807e+00
7.540626e+03 3.032300e+02 7.676739e+02 6.198383e-01 6.746326e-01 -1.618049e-01 -9.322559e-03 3.733763e+00
7.339384e+03 2.938399e+02 1.269740e+03 9.880571e-01 6.084178e-01 1.618031e-01 1.148642e-02 4.012349e+00
7.995133e+03 3.498709e+02 1.086414e+03 1.794217e-01 6.924733e-01 2.327995e-02 3.752360e-02 5.057055e+00
7.693518e+03 3.317609e+02 1.535501e+03 3.901111e-02 7.353527e-01 -4.768928e-02 -1.266747e-03 6.890189e+00
7.468275e+03 2.993115e+02 1.337015e+03 1.842901e-01 6.054598e-03 -1.229432e-01 -5.211958e-02 1.788207e+00
7.457189e+03 2.848778e+02 1.356239e+03 3.147253e-01 6.620418e-01 1.023392e-01 -4.253216e-02 5.280533e+00
7.810577e+03 3.255919e+02 6.007244e+02 5.827874e-01 6.823672e-01 -9.029685e-02 -4.339230e-02 3.914088e+00
7.346174e+03 3.160956e+02 6.370906e+02 6.021411e-01 2.695296e-01 -4.366918e-02 -9.032109e-03 2.988931e+00
7.688260e+03 3.043124e+02 1.310271e+03 3.298038e-01 7.941378e-01 6.108885e-02 9.333711e-04 6.463319e+00
7.915215e+03 3.481122e+02 1.207409e+03 1.973031e-01 2.681882e-01 1.091699e-01 4.514016e-02 2.764240e+00
7.260043e+03 3.088842e+02 5.677597e+02 9.578821e-01 2.971021e-01 1.070081e-01 4.161195e-02 2.155886e+00
7.542048e+03 3.054628e+02 1.034441e+03 1.752825e-01 5.149159e-03 8.888890e-02 -2.880116e-03 1.946900e+00
7.514598e+03 2.620394e+02 1.416701e+03 9.819765e-01 8.541546e-01 1.721523e-01 3.790343e-03 5.213175e+00
7.783512e+03 3.026661e+02 8.936060e+02 3.453044e-01 5.941897e-01 -1.439181e-01 -5.981176e-03 3.747364e+00
7.263797e+03 2.772064e+02 1.435474e+03 9.683394e-02 4.810775e-02 7.507854e-02 1.450029e-02 2.448626e+00
7.461542e+03 2.677776e+02 1.375582e+03 6.996020e-01 5.286964e-01 -4.147570e-02 3.056767e-02 4.774422e+00
7.215084e+03 3.367242e+02 9.033078e+02 9.745529e-01 3.449119e-01 -9.400748e-02 1.664243e-02 2.933540e+00
7.510039e+03 3.238555e+02 8.199077e+02 3.322969e-01 7.688866e-01 4.946962e-02 -1.867440e-02 5.777971e+00
7.506111e+03 3.323039e+02 9.472796e+02 6.101603e-01 8.846163e-01 -4.607768e-02 -1.623997e-02 6.692197e+00
7.317079e+03 3.156071e+02 9.333385e+02 8.823140e-02 2.362178e-02 6.920013e-02 -4.918899e-02 2.038260e+00
7.988743e+03 3.499188e+02 9.967258e+02 1.437028e-01 2.858886e-02 -2.303141e-02 -4.385036e-02 2.231016e+00
7.465938e+03 2.943844e+02 1.592806e+03 1.635160e-01 8.087857e-01 -1.657537e-01 -2.529567e-02 5.800224e+00
7.637938e+03 2.960716e+02 1.261144e+03 2.015744e-01 6.096099e-01 3.707735e-02 -2.352561e-03 5.824908e+00
7.706516e+03 2.729177e+02 1.463752e+03 9.313704e-01 2.370052e-01 -1.885579e-02 -1.292729e-02 3.775648e+00
7.438728e+03 3.378159e+02 1.037683e+03 8.225444e-01 2.476139e-01 9.690038e-02 3.647817e-02 2.559728e+00
7.377763e+03 2.734054e+02 8.254506e+02 6.461227e-01 4.785683e-01 1.063135e-01 4.009707e-02 3.224625e+00
7.909779e+03 2.736741e+02 1.017108e+03 6.032757e-01 8.763060e-01 1.467557e-01 2.506743e-02 4.673020e+00
7.450790e+03 2.577523e+02 1.082461e+03 1.476954e-02 8.690305e-01 4.397590e-02 5.195175e-02 5.832925e+00
7.224947e+03 2.705394e+02 1.025888e+03 4.454131e-01 7.347519e-02 1.003930e-01 3.879625e-02 2.006527e+00
7.868272e+03 3.390722e+02 6.836978e+02 6.209409e-01 9.087663e-01 1.279288e-01 -5.198128e-02 4.409160e+00
7.879026e+03 3.077232e+02 1.408460e+03 3.122018e-01 9.106926e-01 -1.696964e-01 3.927887e-02 5.216432e+00
7.911816e+03 3.146976e+02 8.470246e+02 2.075033e-01 4.510766e-01 -3.501701e-02 -1.262649e-02 4.244352e+00
7.514239e+03 2.644344e+02 1.623522e+03 1.997668e-01 6.716634e-02 -1.180388e-01 3.088392e-02 2.263184e+00
7.207836e+03 2.866421e+02 1.477041e+03 9.622998e-01 4.667177e-01 -1.692370e-01 -1.025091e-02 3.701057e+00
7.505015e+03 3.180328e+02 8.049932e+02 4.824322e-01 1.686970e-01 -8.137582e-02 -1.271920e-02 2.453683e+00
7.855807e+03 3.333014e+02 1.496333e+03 2.781600e-01 6.888536e-01 6.982109e-02 -4.484289e-02 5.970272e+00
7.296751e+03 2.728349e+02 1.137983e+03 2.319201e-01 6.475758e-01 -1.575785e-01 -2.099602e-02 4.469837e+00
7.207098e+03 2.557837e+02 9.429735e+02 4.578947e-02 6.470978e-02 -1.630227e-01 -4.682498e-02 1.803024e+00
7.919006e+03 3.057206e+02 1.378038e+03 6.343573e-02 8.224077e-01 1.559473e-01 -1.669634e-02 5.387175e+00
7.757498e+03 2.934114e+02 1.685167e+03 8.139739e-01 6.568948e-01 7.854731e-02 3.061920e-03 5.684951e+00
7.275527e+03 3.053904e+02 1.386000e+03 7.226314e-01 9.277849e-02 -8.946298e-02 -8.090368e-03 2.397039e+00
7.896041e+03 3.391075e+02 7.208685e+02 5.721281e-01 8.611421e-01 -1.622600e-01 1.014230e-02 4.095969e+00
7.542833e+03 2.966200e+02 9.371762e+02 1.511790e-01 9.699116e-01 1.472091e-01 -3.834177e-02 5.414211e+00
7.354252e+03 3.018901e+02 1.328025e+03 7.441497e-01 2.679930e-01 5.352653e-02 4.640185e-02 3.137846e+00
7.814070e+03 3.420861e+02 8.922816e+02 5.612448e-02 5.725754e-01 -1.089895e-01 -3.754463e-02 3.976763e+00
7.786887e+03 2.732233e+02 1.687226e+03 3.663325e-01 3.707177e-01 5.040809e-02 1.057614e-02 4.416450e+00
7.452317e+03 2.951633e+02 8.669931e+02 4.766993e-01 1.932198e-01 -2.037582e-02 -3.191436e-02 3.108633e+00
7.914162e+03 2.906753e+02 1.580056e+03 1.455369e-01 9.393700e-01 4.773610e-02 1.376970e-02 7.762780e+00
7.438205e+03 3.151950e+02 7.260163e+02 4.832616e-01 3.099568e-01 2.660471e-02 1.137664e-02 3.307599e+00
7.332994e+03 3.199907e+02 5.536241e+02 1.568897e-01 7.467712e-01 -1.077799e-01 3.067826e-02 3.929010e+00
7.748809e+03 2.767005e+02 6.870041e+02 5.497840e-01 7.801388e-01 1.032431e-01 -1.527234e-02 4.452606e+00
7.394283e+03 3.261137e+02 1.060920e+03 2.246944e-01 2.163243e-01 1.708107e-01 -4.369187e-04 2.449462e+00
7.336491e+03 2.959496e+02 5.772409e+02 3.649108e-03 8.902161e-01 -1.099334e-01 3.678685e-02 4.419650e+00
7.715180e+03 2.852842e+02 1.043096e+03 2.471345e-01 6.014682e-01 1.410903e-01 1.401343e-02 3.959633e+00
7.870602e+03 3.138430e+02 1.346994e+03 2.627066e-01 8.822412e-01 -1.833055e-02 -1.005639e-02 8.226030e+00
7.324349e+03 3.207443e+02 1.596985e+03 7.885978e-01 2.401924e-04 5.922263e-03 9.522007e-03 2.334805e+00
7.937395e+03 3.268631e+02 1.508622e+03 5.647077e-01 1.003204e-01 2.001600e-02 3.746791e-02 2.541803e+00
7.595249e+03 3.230674e+02 1.603851e+03 5.622201e-01 6.130152e-01 -6.780392e-02 4.546932e-04 5.741791e+00
7.466425e+03 3.216969e+02 1.096894e+03 3.838471e-01 3.797820e-01 7.246182e-02 -2.416084e-02 3.940038e+00
7.440169e+03 2.835688e+02 1.065723e+03 7.605773e-01 6.892059e-01 7.099781e-02 -3.633213e-02 5.329694e+00
7.220727e+03 2.877269e+02 1.648970e+03 6.934562e-01 1.695650e-01 1.392636e-01 -3.068238e-02 2.656590e+00
7.820727e+03 2.502354e+02 6.157596e+02 5.234874e-01 4.386184e-01 -4.700639e-02 2.456720e-02 3.229171e+00
7.676581e+03 2.560530e+02 7.953048e+02 8.054616e-01 7.888125e-01 1.647702e-01 1.225639e-02 3.946582e+00
7.404103e+03 2.818947e+02 5.654399e+02 6.119215e-01 9.838085e-01 -1.062064e-01 -3.566676e-02 4.971520e+00
7.516019e+03 3.022985e+02 1.598030e+03 2.600508e-01 8.856984e-01 -8.360851e-02 2.497452e-02 6.867336e+00
7.959644e+03 2.613552e+02 1.558309e+03 9.864566e-01 2.058762e-01 5.388976e-03 -4.450154e-02 3.156562e+00
7.356438e+03 3.060199e+02 6.192784e+02 4.319377e-02 6.231396e-01 -1.603558e-01 -4.840257e-02 3.355583e+00
7.377246e+03 3.185608e+02 1.010416e+03 9.097196e-02 6.800307e-01 -1.659650e-01 2.378818e-02 4.126874e+00
7.756185e+03 3.004294e+02 1.405711e+03 4.976067e-01 1.426743e-01 1.741534e-01 -6.582973e-03 2.210427e+00
7.214332e+03 3.371323e+02 9.828537e+02 7.384590e-01 4.051552e-01 5.431651e-02 1.297682e-02 3.789447e+00
7.787743e+03 3.165043e+02 1.473691e+03 8.579770e-01 5.594668e-01 -9.839714e-02 -4.102421e-02 4.579788e+00
7.873648e+03 3.234040e+02 1.469716e+03 7.372352e-01 4.505083e-01 6.047563e-02 3.523410e-02 4.018030e+00
7.984724e+03 2.599236e+02 5.883429e+02 4.610716e-01 8.670101e-02 3.344817e-02 1.600887e-02 2.090891e+00
7.952583e+03 3.262028e+02 1.358896e+03 1.781478e-01 7.251699e-01 3.124380e-02 -1.839210e-02 6.927559e+00
7.657419e+03 2.873337e+02 1.583961e+03 3.430100e-01 6.225257e-01 -1.675832e-01 -2.555046e-02 4.679564e+00
7.552332e+03 2.802740e+02 1.004247e+03 2.508304e-01 1.648289e-01 9.443649e-02 3.270504e-02 2.403160e+00
7.980790e+03 3.343177e+02 1.467387e+03 9.540987e-01 4.587358e-01 1.609726e-01 2.090052e-02 3.284431e+00
7.483216e+03 3.214316e+02 1.338851e+03 3.782593e-02 3.485254e-01 -6.654814e-02 -3.027972e-02 4.214476e+00
7.949788e+03 2.545651e+02 1.325706e+03 5.862674e-01 8.445253e-01 6.067773e-04 -3.773459e-02 7.348263e+00
7.997302e+03 3.236939e+02 1.590489e+03 6.615727e-01 9.328195e-01 4.664576e-02 1.649766e-02 7.391188e+00
7.314764e+03 2.686324e+02 1.364240e+03 1.656055e-01 2.028536e-01 -1.512788e-01 2.966767e-02 2.634640e+00
7.478863e+03 3.485617e+02 1.465163e+03 1.594873e-02 8.214456e-01 -6.960099e-02 -4.076255e-02 7.128015e+00
7.572741e+03 3.034994e+02 1.384362e+03 6.744505e-02 7.757844e-01 -3.463481e-02 4.465878e-02 6.063572e+00
7.798779e+03 2.562103e+02 7.488470e+02 5.925276e-01 3.343666e-01 1.254840e-01 -4.991822e-02 2.512289e+00
7.766647e+03 3.201466e+02 8.827673e+02 5.895800e-01 6.151093e-01 -4.537299e-02 -1.345640e-02 4.916601e+00
7.884203e+03 3.182069e+02 1.064912e+03 9.677479e-01 4.478237e-01 -8.497138e-02 4.686399e-02 3.175175e+00
7.544992e+03 2.581847e+02 9.563278e+02 7.275813e-01 2.760234e-01 9.897130e-02 7.691449e-03 2.747881e+00
7.313278e+03 3.423292e+02 1.466730e+03 2.546305e-01 1.245422e-01 1.307714e-01 -4.462053e-02 2.431198e+00
7.476352e+03 2.708537e+02 1.450127e+03 6.488936e-01 6.045080e-01 1.104318e-01 4.538881e-02 4.423199e+00
7.201261e+03 3.103272e+02 9.250843e+02 1.953487e-01 4.113088e-01 -1.734496e-01 -1.895169e-02 3.129336e+00
7.376299e+03 2.750419e+02 1.294399e+03 5.871820e-01 1.443781e-02 4.836526e-02 -2.556843e-02 2.271874e+00
7.605039e+03 3.337830e+02 9.019341e+02 5.545918e-01 6.971925e-01 -1.517871e-01 -5.142786e-02 3.944230e+00
7.816444e+03 3.433714e+02 7.362185e+02 3.829640e-01 1.221611e-01 1.152996e-01 1.355004e-03 2.001141e+00
7.343595e+03 3.462472e+02 1.029957e+03 3.333929e-01 3.874832e-01 1.059665e-01 8.777311e-03 3.458555e+00
7.360574e+03 2.541434e+02 1.676053e+03 8.964207e-01 5.965274e-01 -4.784921e-03 -4.825815e-02 6.205721e+00
7.927197e+03 3.050046e+02 1.047721e+03 9.707306e-01 2.109211e-01 1.622941e-01 -4.873612e-02 1.957630e+00
7.574036e+03 2.670392e+02 1.298829e+03 2.937459e-01 5.638889e-01 1.685898e-01 -1.607222e-02 4.081141e+00
7.463716e+03 3.082648e+02 1.415524e+03 2.913337e-02 7.797569e-01 5.579995e-02 5.119905e-02 5.943568e+00
7.536950e+03 3.066432e+02 1.249569e+03 6.302123e-01 1.725011e-01 -1.401049e-01 4.355495e-02 2.232633e+00
7.247474e+03 2.701218e+02 1.424181e+03 5.082486e-01 7.721675e-01 -6.164738e-02 6.502689e-03 6.672208e+00
7.782216e+03 2.815370e+02 6.537543e+02 2.597587e-01 8.775330e-01 1.736860e-01 2.762171e-02 3.941211e+00
7.734547e+03 3.321909e+02 1.246856e+03 4.426011e-01 8.424629e-02 -8.123800e-02 2.730042e-02 2.219171e+00
7.502304e+03 3.246340e+02 1.057910e+03 1.057915e-02 9.200283e-01 3.952201e-02 1.526954e-02 6.938727e+00
7.479243e+03 3.366294e+02 1.317564e+03 3.637599e-01 6.148372e-01 -1.106760e-01 -3.389317e-02 4.908224e+00
7.760865e+03 2.844963e+02 1.618133e+03 4.206242e-01 6.353040e-01 -5.184585e-02 -2.170134e-02 6.393105e+00
7.890555e+03 2.717125e+02 5.854813e+02 8.493577e-01 7.391551e-01 1.526022e-01 -3.811658e-02 3.415821e+00
7.636220e+03 2.737935e+02 9.730390e+02 7.486816e-01 1.742774e-01 1.582056e-01 4.364567e-03 2.071788e+00
7.879216e+03 3.385295e+02 1.686064e+03 2.165810e-01 1.807480e-01 9.299935e-02 5.059244e-02 2.759149e+00
7.732453e+03 3.144279e+02 1.152014e+03 3.917542e-01 9.424438e-01 -1.031618e-01 -1.518089e-02 6.314634e+00
7.537968e+03 2.727819e+02 1.026851e+03 6.254386e-01 7.718616e-01 6.475150e-02 1.021484e-02 5.513928e+00
7.839697e+03 3.424056e+02 9.993987e+02 5.615625e-01 7.301860e-01 -1.197632e-01 5.005329e-02 4.092624e+00
7.413384e+03 3.461333e+02 6.419111e+02 4.901670e-01 4.333711e-01 1.020157e-01 -6.849137e-03 3.150954e+00
7.379766e+03 2.899358e+02 9.122685e+02 3.314445e-01 3.005899e-02 9.632170e-02 -3.921359e-02 1.879785e+00
7.524063e+03 2.530429e+02 1.385551e+03 5.444663e-01 3.433399e-01 -3.806195e-02 3.197243e-02 3.852141e+00
7.956257e+03 3.058144e+02 6.936105e+02 6.242376e-01 9.219969e-01 6.856300e-02 -4.087330e-02 5.366744e+00
7.679860e+03 2.794326e+02 1.626624e+03 5.758357e-01 6.056114e-01 6.652846e-02 -3.123145e-02 5.843328e+00
7.449406e+03 2.954246e+02 5.970385e+02 8.599065e-01 1.159884e-01 -7.405593e-02 -3.347276e-03 1.916634e+00
7.494111e+03 3.463507e+02 7.036107e+02 8.696499e-01 2.842897e-01 6.686058e-02 2.325435e-02 2.577667e+00
7.932968e+03 2.567784e+02 1.119854e+03 1.832618e-01 1.364255e-01 6.717062e-02 3.985234e-02 2.437245e+00
7.744513e+03 3.067375e+02 1.074288e+03 8.915372e-03 7.069386e-01 2.716746e-02 3.630287e-02 5.336074e+00
7.645910e+03 2.565993e+02 1.639446e+03 6.145468e-02 6.865810e-01 3.875991e-02 4.237638e-02 5.992674e+00
7.717878e+03 2.898544e+02 8.300111e+02 4.359604e-01 3.268661e-01 -9.742055e-02 -2.112171e-02 3.002037e+00
7.245428e+03 3.205477e+02 1.313233e+03 7.258112e-01 4.553400e-01 4.432390e-02 -2.184227e-02 5.054677e+00
7.640705e+03 2.831906e+02 6.528046e+02 2.905806e-01 5.081841e-01 9.713072e-02 -1.868944e-03 3.454084e+00
7.250121e+03 2.528516e+02 8.240483e+02 8.006415e-01 1.168793e-01 -1.243238e-01 -4.023049e-02 1.859913e+00
7.673223e+03 2.680024e+02 1.135374e+03 8.714831e-01 8.956837e-01 1.207358e-01 -1.087082e-02 5.576428e+00
7.877269e+03 3.266555e+02 1.488278e+03 9.122964e-01 7.265886e-01 1.183729e-01 -4.136149e-02 5.111742e+00
7.865868e+03 2.628339e+02 5.523017e+02 9.405289e-01 2.623856e-01 -5.710019e-02 -2.581323e-02 2.470948e+00
7.464481e+03 3.296253e+02 5.503926e+02 2.853026e-01 5.014246e-01 1.120795e-01 6.314435e-03 3.156456e+00
7.347552e+03 3.399173e+02 7.842499e+02 3.736916e-01 9.923558e-01 8.653344e-02 -4.937142e-02 5.990872e+00
7.450193e+03 3.127826e+02 1.576691e+03 7.100936e-01 8.206126e-01 -1.155813e-01 2.037270e-02 5.904804e+00
7.881036e+03 3.260124e+02 6.731565e+02 3.254880e-01 1.415683e-01 1.287475e-01 -3.137137e-02 1.947408e+00
7.838556e+03 2.879729e+02 1.645344e+03 3.005992e-01 8.871281e-01 4.796856e-02 5.055728e-02 6.661760e+00
7.558451e+03 3.351635e+02 1.188428e+03 3.947791e-01 9.907954e-01 -5.602210e-02 3.336293e-02 6.760176e+00
7.895020e+03 2.604628e+02 5.916949e+02 6.982135e-01 8.278438e-01 -3.342277e-02 1.489337e-02 4.861934e+00
7.693834e+03 3.493326e+02 1.342358e+03 7.982051e-01 4.879710e-01 -9.486703e-02 -4.650303e-02 4.137497e+00
7.362059e+03 3.120919e+02 9.490756e+02 9.928564e-01 4.195860e-01 1.668464e-01 4.293160e-02 2.689511e+00
7.710357e+03 2.589914e+02 7.539458e+02 2.328529e-01 4.069181e-02 -6.112051e-02 -1.500683e-02 2.082771e+00
7.557822e+03 3.436599e+02 9.942593e+02 7.084624e-01 5.622457e-01 1.258576e-01 -1.766755e-02 3.935731e+00
7.864537e+03 2.512249e+02 8.389162e+02 8.953069e-01 2.384850e-01 -1.446758e-01 2.420257e-03 2.145008e+00
7.382576e+03 3.167398e+02 1.112844e+03 5.907351e-01 4.132025e-01 -4.300813e-02 -4.988181e-03 4.370948e+00
7.290861e+03 2.876557e+02 7.330704e+02 6.710422e-01 7.850650e-01 8.483687e-03 -2.568160e-02 6.291477e+00
7.492860e+03 2.940430e+02 1.347649e+03 7.265161e-01 8.494995e-01 -7.736360e-02 8.631767e-03 6.411973e+00
7.672537e+03 3.270941e+02 1.178315e+03 9.157070e-01 1.890744e-02 1.535664e-01 2.683975e-02 1.458267e+00
7.803567e+03 3.427490e+02 1.340414e+03 4.942801e-02 1.671883e-01 -4.651775e-02 -3.323967e-02 3.286223e+00
7.763249e+03 2.615576e+02 1.493538e+03 3.371265e-01 5.121822e-01 8.278490e-02 3.393325e-02 4.364553e+00
7.635796e+03 3.150250e+02 1.179628e+03 2.527373e-01 4.067376e-01 1.260820e-01 -3.476930e-02 3.509930e+00
7.907238e+03 3.347066e+02 1.693850e+03 5.569111e-01 1.908386e-01 -1.364581e-01 5.018750e-02 2.478210e+00
7.929397e+03 2.595020e+02 8.414221e+02 9.299440e-01 7.777748e-01 3.478539e-02 1.900317e-02 5.018933e+00
7.768397e+03 3.027698e+02 5.031493e+02 8.426013e-01 1.137649e-01 2.867761e-02 4.454928e-02 1.798777e+00
7.921848e+03 3.417443e+02 1.230786e+03 8.818652e-01 2.143009e-01 1.283719e-01 -3.429768e-02 2.376211e+00
7.817010e+03 2.909264e+02 1.654510e+03 4.136747e-01 8.433597e-01 -1.223754e-03 -3.669901e-02 8.326557e+00
7.301655e+03 2.632645e+02 1.235827e+03 7.644682e-01 6.197036e-01 2.190900e-03 2.692384e-04 6.398644e+00
7.623342e+03 2.546680e+02 1.562506e+03 6.168531e-01 1.788108e-01 -1.645244e-01 -2.890350e-02 2.468996e+00
7.885899e+03 2.761080e+02 9.727644e+02 2.826915e-01 1.375504e-01 -1.426483e-01 4.260232e-02 2.007784e+00
7.976552e+03 2.624368e+02 8.529363e+02 1.373452e-01 6.587815e-02 8.495322e-02 -4.948738e-02 1.974420e+00
7.294718e+03 2.946204e+02 1.596117e+03 9.531527e-01 4.427929e-01 1.521904e-01 4.811625e-03 3.766370e+00
7.944718e+03 2.605766e+02 1.442294e+03 9.839778e-01 3.140945e-01 -1.177971e-01 2.402176e-02 2.870057e+00
7.862265e+03 2.597979e+02 1.058695e+03 9.581264e-01 2.602972e-01 -1.329507e-01 4.128047e-02 2.264202e+00
7.769211e+03 2.764458e+02 7.171070e+02 2.035402e-01 5.366085e-02 -6.676082e-02 -2.303857e-02 2.086974e+00
7.943734e+03 3.298450e+02 1.344184e+03 6.575761e-01 9.817108e-01 -2.115694e-02 2.058234e-02 7.588312e+00
7.403240e+03 2.834688e+02 1.403271e+03 3.463515e-01 5.300240e-01 -1.292925e-01 1.924043e-02 4.259644e+00
7.371439e+03 3.476149e+02 8.875136e+02 3.812888e-01 8.805795e-01 -3.615848e-02 -1.450849e-02 6.918861e+00
7.230891e+03 3.163596e+02 1.605117e+03 2.697071e-01 4.738925e-02 -8.089746e-03 2.149603e-02 2.765019e+00
7.248435e+03 3.232487e+02 6.214945e+02 9.095932e-01 4.856618e-01 8.660387e-02 -4.954272e-02 3.227472e+00
7.924391e+03 3.229395e+02 6.908951e+02 3.772296e-01 5.713932e-01 -3.184942e-02 5.369120e-03 4.274033e+00
7.256234e+03 2.538915e+02 1.120846e+03 8.317840e-01 5.412193e-01 -1.510598e-01 3.326901e-02 3.552914e+00
7.425222e+03 3.106733e+02 1.053054e+03 1.465749e-01 7.140067e-03 1.271974e-01 3.298819e-02 1.755430e+00
7.231320e+03 2.975321e+02 1.406888e+03 8.070522e-01 3.531910e-01 6.521655e-02 -7.820553e-03 4.073796e+00
7.669073e+03 2.776477e+02 6.291143e+02 4.877791e-01 8.708706e-01 3.377604e-02 -5.763532e-04 5.624555e+00
7.470667e+03 2.694291e+02 1.668953e+03 1.309899e-01 5.952377e-01 4.963253e-02 1.684917e-02 5.966125e+00
7.564347e+03 2.777812e+02 1.268658e+03 9.510481e-01 2.753834e-01 -2.394425e-02 3.044538e-02 3.226956e+00
7.236680e+03 3.406071e+02 8.696146e+02 5.940690e-01 3.462421e-01 -1.569397e-01 -1.624456e-04 2.759639e+00
7.772546e+03 2.719878e+02 1.611033e+03 6.906964e-02 6.415556e-01 -8.770758e-02 -9.676166e-03 5.752655e+00
7.958796e+03 3.092440e+02 7.923251e+02 3.988018e-01 5.995378e-01 -6.906571e-02 2.665786e-02 3.922252e+00
7.925618e+03 2.908579e+02 9.913795e+02 1.558402e-01 9.649927e-01 3.019439e-03 1.992084e-02 6.899988e+00
7.936264e+03 2.503709e+02 9.230113e+02 2.106609e-01 1.446479e-01 1.158608e-01 5.134055e-02 2.079742e+00
7.997625e+03 3.363012e+02 1.482246e+03 4.187595e-01 6.912145e-01 6.085368e-02 3.949598e-02 5.301949e+00
7.626860e+03 3.439670e+02 7.116553e+02 9.633704e-01 2.159490e-01 1.760314e-02 2.591370e-02 2.457345e+00
7.677133e+03 3.035332e+02 1.251789e+03 9.048363e-01 3.685034e-01 1.742926e-01 -4.804424e-02 2.779968e+00
7.258055e+03 2.513351e+02 1.046313e+03 3.540139e-01 7.102741e-02 1.561328e-01 -3.636293e-02 1.877685e+00
7.845114e+03 2.699723e+02 1.199501e+03 2.997933e-01 5.824242e-01 2.027861e-02 4.931570e-02 4.490475e+00
7.432914e+03 3.210982e+02 1.526160e+03 5.654883e-01 1.049852e-01 6.434902e-02 -2.702911e-02 2.809569e+00
7.834773e+03 3.314234e+02 1.575719e+03 2.663986e-01 8.991583e-01 2.636208e-02 5.319807e-04 8.403149e+00
7.261207e+03 3.312321e+02 6.318886e+02 7.290782e-01 9.665289e-01 -7.661398e-02 2.393852e-03 5.489872e+00
7.277078e+03 3.102114e+02 1.071959e+03 6.561249e-03 9.466635e-01 7.652657e-02 3.941176e-02 6.188599e+00
7.664145e+03 2.786508e+02 7.406240e+02 5.772956e-01 6.689852e-01 -4.579668e-02 7.381715e-03 4.659704e+00
7.272985e+03 3.412852e+02 5.001456e+02 4.105149e-01 2.723133e-01 1.215416e-01 -3.557608e-02 2.268166e+00
7.249227e+03 3.340281e+02 1.015996e+03 3.198861e-01 9.565310e-01 7.182956e-02 7.937894e-03 6.698674e+00
7.794259e+03 3.014107e+02 6.282550e+02 3.161620e-01 8.880058e-01 -3.759342e-03 3.922937e-02 4.943509e+00
7.654382e+03 3.284421e+02 8.592322e+02 4.462731e-01 8.966913e-01 1.085045e-02 3.036555e-02 5.890364e+00
7.483183e+03 2.825370e+02 1.275497e+03 6.791734e-01 6.573057e-01 7.780521e-02 -2.713034e-02 5.525600e+00
7.871748e+03 2.969028e+02 1.356826e+03 1.381147e-01 7.517185e-01 1.504518e-01 9.977084e-03 4.938499e+00
7.738998e+03 3.115574e+02 1.099194e+03 7.856035e-02 9.357887e-01 1.048806e-01 -1.101807e-02 6.204321e+00
7.270381e+03 3.451070e+02 1.337976e+03 8.519946e-01 9.375815e-01 8.447097e-02 -5.069917e-02 6.989842e+00
7.822305e+03 2.723741e+02 1.505966e+03 6.691458e-01 3.295454e-01 -1.716244e-01 -3.253297e-02 2.978645e+00
7.234127e+03 3.237245e+02 1.181274e+03 2.385180e-01 6.722829e-01 4.386381e-03 2.993497e-02 5.764355e+00
7.387877e+03 2.808791e+02 5.767799e+02 7.288055e-01 6.447292e-01 3.444354e-02 -4.313447e-02 4.455189e+00
7.731400e+03 2.542342e+02 1.036587e+03 8.103826e-01 6.076676e-01 -1.390108e-01 -4.511462e-02 3.785324e+00
7.650030e+03 2.749235e+02 1.176802e+03 7.562803e-01 7.662464e-01 -1.420865e-01 -9.190674e-03 4.839635e+00
7.729790e+03 3.242567e+02 5.816884e+02 1.914463e-01 5.643446e-01 -9.334215e-02 5.073105e-02 3.192305e+00
7.409176e+03 2.823525e+02 1.233922e+03 1.471333e-01 7.105888e-01 4.244123e-02 2.425008e-02 5.897131e+00
7.857842e+03 2.630958e+02 1.511681e+03 5.107509e-01 9.037586e-01 7.726331e-02 -2.818692e-02 7.236787e+00
7.644967e+03 3.286345e+02 1.315587e+03 4.608106e-01 8.139251e-01 8.042331e-02 -9.583206e-03 6.330791e+00
7.539584e+03 3.345978e+02 8.443938e+02 7.429766e-01 6.873430e-01 1.379991e-01 -4.768879e-02 3.928023e+00
7.717532e+03 3.408809e+02 5.396518e+02 2.224847e-01 7.837880e-01 -1.324537e-01 1.963091e-02 3.777336e+00
7.634496e+03 3.474903e+02 8.124251e+02 9.376982e-01 1.114417e-01 -8.900627e-02 7.550616e-03 1.884514e+00
7.955570e+03 2.768094e+02 1.567165e+03 3.576265e-01 8.323732e-02 3.621436e-03 -2.005337e-02 3.156633e+00
7.431876e+03 2.984496e+02 7.223652e+02 7.500116e-01 6.694637e-01 6.836016e-02 7.247328e-03 4.382790e+00
7.286067e+03 3.079370e+02 6.500776e+02 3.752616e-01 5.417617e-02 4.498440e-02 -2.659675e-02 2.206648e+00
7.883126e+03 2.920288e+02 9.585423e+02 5.018587e-01 1.922825e-01 1.689918e-01 4.031372e-02 2.016237e+00
7.202152e+03 3.335018e+02 5.936188e+02 3.501436e-01 8.562508e-01 1.240512e-01 3.457103e-02 4.217046e+00
7.716752e+03 3.183191e+02 1.153170e+03 8.847007e-01 5.462387e-01 -1.100044e-01 5.128023e-02 3.568178e+00
7.953930e+03 2.610053e+02 1.624785e+03 8.413521e-01 2.436503e-01 -5.365238e-02 -4.638227e-02 3.402927e+00
7.392919e+03 2.602313e+02 8.984873e+02 7.999865e-01 8.892967e-01 4.587634e-02 -1.942301e-02 6.622939e+00
7.880073e+03 2.646865e+02 1.019606e+03 1.010304e-01 3.154997e-01 -9.853115e-02 -1.814829e-02 3.201957e+00
7.904314e+03 2.992862e+02 1.226964e+03 9.011939e-01 1.617002e-01 -6.589644e-02 -3.515851e-02 2.542176e+00
7.439872e+03 2.594540e+02 1.111082e+03 9.750544e-02 6.997500e-01 5.603220e-02 -4.795869e-02 5.861882e+00
7.203056e+03 3.410878e+02 5.207115e+02 7.570196e-01 5.024352e-01 1.479943e-01 4.592375e-02 2.650512e+00
7.848217e+03 3.359090e+02 1.682116e+03 2.408908e-01 2.070973e-01 6.963302e-02 -3.908641e-02 3.393571e+00
7.472750e+03 3.096897e+02 1.439565e+03 9.565150e-01 5.075035e-01 2.898673e-02 -1.724523e-02 5.553319e+00
7.668566e+03 2.609812e+02 5.179410e+02 7.083421e-02 7.059556e-01 -8.587852e-02 -4.911280e-02 3.992200e+00
7.287384e+03 3.111064e+02 6.410659e+02 2.643537e-01 2.539597e-01 -1.725887e-01 1.032740e-04 2.232101e+00
7.205978e+03 2.923719e+02 7.374557e+02 5.597448e-01 1.344451e-01 2.286597e-02 3.772600e-02 2.322440e+00
7.255098e+03 3.211032e+02 8.294610e+02 3.385676e-02 5.973658e-01 -8.290129e-02 3.450530e-02 4.147312e+00
7.337192e+03 2.913910e+02 1.237195e+03 2.953431e-01 1.234114e-01 7.824242e-02 -3.989268e-02 2.644746e+00
7.257274e+03 2.901362e+02 6.262326e+02 8.379179e-01 2.113951e-02 1.543985e-01 -2.907291e-02 1.313837e+00
7.568571e+03 3.166470e+02 1.028738e+03 2.728589e-01 6.781340e-01 1.017737e-01 4.558225e-02 4.339906e+00
7.851946e+03 3.356736e+02 8.605769e+02 5.122913e-01 9.876205e-01 -8.523115e-02 -1.963507e-03 5.892925e+00
7.657624e+03 2.569091e+02 7.562595e+02 4.911023e-01 2.623865e-02 1.713438e-01 -2.639656e-02 1.472873e+00
7.770192e+03 2.587196e+02 5.753029e+02 5.807879e-01 2.188820e-01 7.699504e-02 2.878038e-03 2.324181e+00
7.209004e+03 3.136581e+02 1.432032e+03 3.487263e-01 6.290397e-01 -7.854613e-02 3.245319e-02 5.248697e+00
7.780596e+03 2.857733e+02 1.425413e+03 5.582154e-01 2.813313e-01 5.375707e-02 8.368540e-03 3.550454e+00
7.334597e+03 3.172726e+02 1.068606e+03 2.442985e-01 7.745325e-01 -8.624640e-03 5.604140e-03 6.977683e+00
7.302667e+03 3.400738e+02 1.087793e+03 8.602435e-02 7.284488e-02 1.590284e-01 -3.889272e-02 1.935410e+00
7.764286e+03 2.981970e+02 1.551139e+03 8.397527e-01 6.554732e-01 1.120640e-03 -7.174934e-03 6.986859e+00
7.298662e+03 3.389876e+02 1.643944e+03 4.196468e-01 2.532101e-02 -1.355961e-01 -2.079020e-02 2.054668e+00
7.266941e+03 2.918334e+02 7.432350e+02 4.814875e-01 6.548861e-01 1.799827e-02 -1.058042e-02 5.563960e+00
7.828888e+03 2.800299e+02 8.447996e+02 6.872774e-01 2.404595e-01 3.209983e-02 9.320050e-03 2.893660e+00
7.299919e+03 3.404526e+02 1.300060e+03 7.868958e-01 5.241433e-01 -4.106076e-02 -2.691641e-02 5.499951e+00
7.822424e+03 3.130283e+02 1.582515e+03 4.233998e-01 4.109446e-01 1.339862e-01 2.778053e-03 3.770548e+00
7.827687e+03 3.477475e+02 5.065343e+02 9.816026e-02 1.080117e-01 -9.395944e-03 -4.534453e-02 2.227332e+00
7.368773e+03 2.641592e+02 1.162759e+03 9.424965e-01 5.117604e-01 1.697567e-01 -7.351313e-03 3.506438e+00
7.404888e+03 3.078755e+02 8.738299e+02 7.978445e-01 2.002274e-02 8.269290e-02 2.960717e-02 1.639983e+00
7.777882e+03 3.090428e+02 1.167635e+03 2.918411e-01 5.042060e-01 1.635679e-01 -6.241117e-03 3.642300e+00
7.964412e+03 3.486877e+02 9.868434e+02 5.959333e-01 4.984800e-01 5.949463e-02 -5.138864e-02 4.077379e+00
7.224406e+03 2.526008e+02 1.392744e+03 7.141979e-01 7.947702e-02 -1.623799e-01 4.906931e-02 1.873325e+00
7.874591e+03 3.101696e+02 8.722369e+02 5.713164e-01 1.769683e-01 1.985556e-02 2.263953e-02 2.661731e+00
7.395155e+03 3.062512e+02 1.699128e+03 4.478300e-01 5.160188e-01 1.653007e-01 5.159893e-02 3.923943e+00
7.585827e+03 3.403537e+02 7.311575e+02 3.697129e-01 1.577453e-01 -3.893357e-02 -1.170716e-02 2.687890e+00
7.708749e+03 2.911698e+02 1.089340e+03 1.102041e-01 9.705205e-01 3.823898e-02 3.463849e-03 7.449684e+00
7.712934e+03 3.381054e+02 1.163938e+03 9.996117e-01 3.083267e-01 1.244136e-01 3.506539e-02 2.593212e+00
7.759113e+03 2.816918e+02 8.708425e+02 2.301404e-02 1.775207e-01 -2.876158e-02 3.959705e-02 2.657697e+00
7.869924e+03 3.045336e+02 9.602883e+02 1.179615e-01 1.253942e-02 4.164677e-03 -1.848242e-02 2.488874e+00
7.893263e+03 2.961030e+02 1.345393e+03 4.445604e-01 3.994111e-01 -1.435715e-01 -6.475849e-03 3.415153e+00
7.719819e+03 3.469290e+02 9.709906e+02 3.859164e-01 3.459003e-01 9.167869e-02 4.811322e-02 2.938650e+00
7.307136e+03 2.607179e+02 7.464834e+02 5.031984e-01 3.196701e-01 2.723823e-02 4.269587e-02 2.995937e+00
7.226112e+03 2.634364e+02 1.632161e+03 4.226704e-01 9.704295e-02 1.319902e-01 8.380500e-03 2.409839e+00
7.891893e+03 2.973799e+02 1.002774e+03 1.894024e-01 8.247865e-01 -5.496293e-02 4.335104e-02 5.267421e+00
7.374566e+03 2.712693e+02 1.075608e+03 1.077121e-01 5.031868e-01 -9.453381e-02 -1.147355e-02 4.348075e+00
7.391603e+03 2.859162e+02 5.743443e+02 1.313570e-01 1.528783e-01 -1.597074e-01 -1.252678e-02 1.930457e+00
7.786322e+03 2.942494e+02 1.673874e+03 7.736342e-01 9.941429e-01 -2.817648e-02 -4.262919e-02 8.990180e+00
7.999668e+03 2.810128e+02 9.089272e+02 7.635741e-01 5.765356e-01 -8.320273e-02 -4.595953e-02 3.974560e+00
7.362519e+03 2.972433e+02 1.343175e+03 2.296214e-02 2.426209e-01 -1.588582e-01 4.766514e-02 2.699482e+00
7.930882e+03 3.037448e+02 7.301644e+02 8.234419e-02 3.895464e-01 -2.563528e-02 1.272730e-02 3.639347e+00
7.390539e+03 2.821858e+02 1.081725e+03 7.762848e-01 6.795445e-01 9.130045e-02 -2.476721e-02 5.089685e+00
7.374308e+03 3.447093e+02 1.106356e+03 5.838914e-01 8.260916e-01 1.512709e-01 5.010117e-02 4.594493e+00
7.748220e+03 3.319727e+02 1.012159e+03 3.045560e-01 8.122694e-01 6.282251e-02 2.179668e-02 5.501918e+00
7.597768e+03 3.426987e+02 1.614975e+03 4.656661e-02 3.393181e-01 -1.539282e-01 -4.527618e-03 3.530023e+00
7.625669e+03 2.985280e+02 1.579399e+03 2.568541e-01 4.447038e-01 -1.319091e-01 1.502427e-02 3.980562e+00
7.694993e+03 3.307953e+02 5.790799e+02 8.778039e-01 7.158632e-01 1.443625e-01 3.134916e-02 3.281729e+00
7.579016e+03 3.349419e+02 5.044591e+02 6.217394e-01 2.112030e-01 1.594097e-02 -3.855289e-02 2.572243e+00
7.659964e+03 2.958951e+02 8.958626e+02 7.192555e-01 8.792764e-01 -1.050968e-01 4.669364e-02 4.665519e+00
7.604704e+03 3.002551e+02 8.318136e+02 2.235068e-01 5.924161e-01 -1.273421e-01 -4.531827e-02 3.743980e+00
7.832329e+03 3.147740e+02 1.045544e+03 6.856121e-01 3.966923e-01 1.227871e-01 -1.179587e-02 3.191449e+00
7.351309e+03 3.258166e+02 8.774763e+02 2.299208e-01 2.892288e-01 3.154730e-03 -2.119035e-02 4.003798e+00
7.788370e+03 2.571148e+02 1.441510e+03 6.384590e-01 4.039152e-01 -3.944000e-02 -4.067544e-02 4.594140e+00
7.969091e+03 3.105100e+02 7.474586e+02 9.911161e-01 8.018219e-01 -7.186300e-02 -3.721035e-02 4.753916e+00
7.807566e+03 2.706239e+02 1.069985e+03 1.808866e-01 3.350767e-01 -1.239386e-01 -4.855747e-02 2.971366e+00
7.985986e+03 3.171160e+02 7.599899e+02 9.342493e-02 3.650956e-01 -1.398231e-02 4.790022e-02 3.067104e+00
7.384203e+03 3.223017e+02 7.932376e+02 2.970122e-01 6.210034e-01 5.017417e-02 1.630516e-02 4.584286e+00
7.867906e+03 3.098325e+02 1.661943e+03 5.206210e-01 7.164151e-01 1.572792e-01 -2.678259e-02 5.124075e+00
7.315841e+03 2.896740e+02 1.324731e+03 5.524569e-01 3.593033e-01 -1.472604e-01 -2.336288e-02 3.367775e+00
7.591975e+03 2.962708e+02 6.035366e+02 2.764234e-01 8.644227e-01 3.403516e-02 -9.813207e-03 5.790494e+00
7.996253e+03 2.671443e+02 1.278418e+03 6.002876e-01 9.487833e-01 1.138318e-01 6.754157e-03 5.978757e+00
7.329950e+03 3.142003e+02 6.239545e+02 1.801560e-02 9.788136e-01 -2.924471e-02 -5.393116e-03 6.705716e+00
7.407247e+03 2.640200e+02 7.856943e+02 8.945915e-01 1.776861e-02 -1.120785e-01 3.785796e-02 1.427623e+00
7.751229e+03 3.075713e+02 1.138858e+03 5.337390e-01 6.268516e-01 1.830182e-02 3.973733e-02 4.765751e+00
7.424782e+03 2.709498e+02 1.359357e+03 7.450579e-01 4.610389e-01 4.455277e-02 3.951548e-03 4.734086e+00
7.369548e+03 3.195040e+02 1.066532e+03 4.419157e-02 5.238787e-01 9.956717e-02 -4.808389e-03 4.369374e+00
7.945837e+03 3.458809e+02 7.326814e+02 3.563041e-01 6.857453e-01 1.647063e-01 2.476155e-02 3.461377e+00
7.400639e+03 2.812360e+02 5.482783e+02 4.633491e-01 8.025065e-01 4.289231e-02 4.962205e-02 4.285389e+00
7.831358e+03 2.665363e+02 1.148791e+03 1.081622e-01 2.592416e-01 1.608066e-01 1.557104e-02 2.612559e+00
7.597525e+03 2.785622e+02 1.123223e+03 9.594059e-01 9.119139e-02 -2.248440e-02 -5.047755e-02 2.187055e+00
7.420163e+03 3.222604e+02 1.070381e+03 7.591856e-01 4.792211e-01 -2.155573e-03 3.590539e-02 4.115289e+00
7.752115e+03 3.119306e+02 1.423134e+03 5.165413e-02 8.148042e-01 -6.762568e-03 1.206125e-02 7.573455e+00
7.685481e+03 3.435164e+02 1.289188e+03 9.323513e-01 1.486085e-01 -2.730373e-02 2.646104e-02 2.619527e+00
7.499728e+03 3.480508e+02 5.900884e+02 4.121551e-01 2.517788e-01 6.408803e-02 1.881257e-02 2.575673e+00
7.753138e+03 2.748650e+02 6.950395e+02 5.063827e-01 6.202634e-01 -4.341594e-02 -1.985324e-02 4.668993e+00
7.751192e+03 3.099903e+02 1.594551e+03 5.556418e-01 3.718903e-01 1.374778e-01 1.619483e-02 3.461520e+00
7.282739e+03 2.755374e+02 9.387625e+02 5.850271e-01 2.781888e-01 -7.347215e-02 -3.420018e-02 3.157717e+00
7.536657e+03 3.064133e+02 1.528905e+03 5.113753e-01 9.620254e-01 -7.896667e-02 3.110512e-02 6.980717e+00
7.570662e+03 3.407581e+02 8.106833e+02 5.744606e-01 9.150293e-01 -5.285687e-02 4.432284e-02 5.279921e+00
7.510450e+03 2.553678e+02 1.322796e+03 3.466249e-02 3.104715e-01 1.382491e-01 -2.754380e-02 3.271599e+00
7.887729e+03 3.007203e+02 1.183371e+03 2.553247e-01 9.997488e-01 -4.843349e-02 -2.057503e-02 7.878635e+00
7.677962e+03 3.415379e+02 1.560359e+03 9.336964e-01 2.309957e-01 1.344216e-01 1.151947e-02 2.651978e+00
7.887071e+03 3.240568e+02 5.376533e+02 3.991221e-01 9.559693e-01 -1.634693e-01 2.597328e-02 3.935738e+00
7.654553e+03 2.592549e+02 9.058403e+02 7.395396e-01 2.637589e-01 -2.538512e-03 2.136227e-02 3.084543e+00
7.349591e+03 3.494723e+02 9.896138e+02 8.548980e-01 2.529173e-01 9.362365e-02 -4.426354e-02 2.702042e+00
7.689849e+03 2.978837e+02 9.409486e+02 1.497098e-01 6.981188e-01 1.295453e-01 -8.098219e-04 4.461023e+00
7.359791e+03 3.135759e+02 1.428810e+03 1.823800e-01 9.828659e-01 3.687816e-02 -1.416961e-02 9.191780e+00
7.200359e+03 2.889269e+02 6.594122e+02 8.334641e-01 2.710713e-01 -9.208246e-02 7.456578e-03 2.488579e+00
7.637284e+03 2.832921e+02 6.960356e+02 1.152959e-01 2.834198e-01 -2.976202e-02 -3.069792e-02 3.426157e+00
7.378516e+03 3.217140e+02 1.294706e+03 5.963290e-01 6.324452e-01 -1.551387e-01 1.241282e-02 4.353981e+00
7.908813e+03 2.649185e+02 8.331940e+02 3.678162e-01 7.825241e-02 -5.229774e-02 1.254727e-02 2.191485e+00
7.629266e+03 3.460453e+02 1.485144e+03 4.311457e-01 3.160488e-01 1.396550e-01 -4.230776e-02 3.187013e+00
7.370452e+03 3.169094e+02 1.280128e+03 6.636623e-01 7.539437e-01 7.913353e-02 3.890284e-02 5.329994e+00
7.856075e+03 2.700500e+02 1.650242e+03 8.283420e-01 5.221765e-01 -9.505108e-03 -2.441118e-02 6.100402e+00
7.857314e+03 2.870195e+02 8.357645e+02 9.077856e-01 3.471603e-01 -1.079423e-01 -3.526306e-03 2.742864e+00
7.757951e+03 3.028469e+02 1.189670e+03 4.263703e-02 8.650322e-01 -1.269223e-01 3.848493e-02 5.209284e+00
7.608523e+03 2.814093e+02 1.398795e+03 6.278707e-01 5.673721e-01 8.344800e-02 4.977139e-02 4.311439e+00
7.587815e+03 2.827741e+02 7.074564e+02 4.400810e-01 9.535325e-01 1.119039e-01 1.868351e-02 4.938694e+00
7.227474e+03 3.376938e+02 1.522405e+03 5.932352e-01 8.455749e-01 1.428393e-02 2.581281e-02 7.518099e+00
7.912452e+03 2.695026e+02 9.620527e+02 9.268956e-01 7.562454e-01 -1.490177e-01 1.068069e-02 4.079374e+00
7.989721e+03 2.697063e+02 1.107871e+03 1.965582e-01 9.486363e-02 7.305956e-02 -4.209092e-02 2.354121e+00
7.216123e+03 2.766966e+02 1.039962e+03 2.250069e-01 9.199280e-01 -1.128091e-01 1.126522e-02 5.954678e+00
7.652170e+03 2.796364e+02 1.521402e+03 2.920735e-01 1.176949e-01 6.805745e-02 4.083925e-02 2.596279e+00
7.800688e+03 2.731193e+02 1.139608e+03 2.338780e-01 7.921798e-01 -9.101147e-02 1.071544e-02 5.474532e+00
7.842853e+03 2.631771e+02 1.490694e+03 4.068034e-01 3.427995e-01 -8.050861e-02 -4.675329e-03 3.847451e+00
7.293514e+03 3.244467e+02 6.102217e+02 3.791872e-01 6.887357e-02 1.542036e-01 2.768658e-02 1.615360e+00
7.500724e+03 2.806792e+02 6.118899e+02 5.768274e-01 8.420853e-03 3.224960e-02 -2.430897e-02 1.949171e+00
7.521581e+03 2.939286e+02 1.096333e+03 3.963801e-01 4.599336e-01 -1.310443e-01 -2.327533e-02 3.678283e+00
7.627929e+03 2.847592e+02 5.131821e+02 3.554858e-01 5.987643e-01 -4.008362e-02 2.429730e-02 3.770755e+00
7.979943e+03 3.392305e+02 1.144267e+03 1.940712e-01 3.366377e-01 1.109400e-01 2.373261e-02 3.074745e+00
7.794893e+03 3.338127e+02 8.577137e+02 6.807714e-01 4.942888e-01 -4.048041e-03 4.384936e-02 3.633081e+00
7.745605e+03 2.551803e+02 8.002507e+02 7.475619e-02 2.708691e-01 1.223018e-01 -4.188295e-02 2.554664e+00
7.916967e+03 3.430946e+02 1.561787e+03 8.557492e-02 5.349364e-01 -1.685649e-01 -7.970306e-03 4.146608e+00
7.854967e+03 3.056144e+02 5.438032e+02 4.056111e-01 9.913867e-01 1.210309e-01 -7.720258e-03 4.673786e+00
7.355805e+03 2.710026e+02 8.110781e+02 8.234706e-01 7.450156e-01 -9.970320e-02 -2.254767e-02 4.743785e+00
7.863046e+03 3.300168e+02 8.926792e+02 6.063318e-01 6.935414e-01 -3.554491e-02 2.673999e-02 4.809257e+00
7.583456e+03 2.957958e+02 9.770476e+02 7.231955e-01 7.702832e-01 1.733120e-01 -3.817883e-02 4.221246e+00
7.933989e+03 3.016211e+02 1.373796e+03 4.339908e-01 5.199795e-01 1.348737e-01 -4.273785e-03 4.048664e+00
7.883930e+03 2.807404e+02 1.499559e+03 9.902752e-01 7.848280e-01 -1.376445e-01 -1.408163e-02 5.210249e+00
7.970545e+03 2.952041e+02 1.428600e+03 5.077644e-01 9.773663e-01 1.432553e-01 3.707161e-02 5.661587e+00
7.489253e+03 3.017962e+02 1.223606e+03 7.516047e-01 6.166643e-01 -4.872363e-02 -5.184504e-02 5.389919e+00
7.560027e+03 3.175762e+02 1.502372e+03 4.215258e-01 2.129399e-01 -1.772395e-03 -1.352561e-02 4.131228e+00
7.969733e+03 3.479924e+02 1.297615e+03 7.178146e-01 3.801911e-01 -1.874849e-02 -2.457080e-02 4.582153e+00
7.995842e+03 3.081214e+02 1.601885e+03 1.219330e-01 1.061608e-01 1.498917e-01 -8.540246e-03 2.311320e+00
7.730927e+03 2.735915e+02 1.546083e+03 6.644541e-01 2.019677e-01 -3.357668e-02 -1.489487e-02 3.569811e+00
7.647948e+03 2.625096e+02 1.665727e+03 1.778588e-01 3.173505e-01 7.792718e-03 -2.456518e-04 4.937659e+00
7.727018e+03 2.936920e+02 1.240610e+03 6.379050e-01 7.130154e-01 -9.496644e-02 -2.090708e-02 5.337771e+00
7.828564e+03 2.924888e+02 5.319567e+02 7.469152e-01 4.944651e-02 2.097787e-02 2.930314e-02 1.759817e+00
7.858534e+03 3.387970e+02 9.002229e+02 5.399977e-01 2.176542e-01 -1.483950e-01 -4.017207e-02 2.176132e+00
7.964910e+03 3.121248e+02 9.402303e+02 2.149065e-01 3.035134e-01 1.081557e-01 -3.900681e-02 2.850589e+00
7.392701e+03 3.431574e+02 1.527742e+03 9.728680e-01 5.363841e-01 -5.475012e-02 1.790586e-02 4.960458e+00
7.837017e+03 3.029225e+02 6.473509e+02 4.250580e-01 7.916938e-01 -5.098811e-02 4.044538e-02 4.416297e+00
7.350099e+03 2.968342e+02 8.885675e+02 8.725166e-01 5.390079e-01 1.134976e-01 1.442646e-02 3.630254e+00
7.968266e+03 3.155639e+02 1.554619e+03 5.635814e-01 8.312928e-01 6.593397e-02 -2.271844e-02 7.033642e+00
7.613200e+03 2.947616e+02 1.190509e+03 6.054257e-01 8.830182e-01 -5.634507e-02 5.143848e-02 5.739253e+00
7.967062e+03 3.414322e+02 1.319716e+03 3.886263e-01 3.660427e-01 8.824219e-02 -3.541812e-02 3.677099e+00
7.458934e+03 2.561866e+02 8.833988e+02 5.401179e-01 7.416787e-01 -9.292774e-02 -1.544281e-02 4.967283e+00
7.640914e+03 2.642967e+02 7.711498e+02 6.295662e-01 2.984224e-01 1.414184e-01 -3.849643e-02 2.403274e+00
7.799535e+03 2.903071e+02 1.146406e+03 2.987507e-01 6.632138e-01 1.267655e-01 -3.258993e-02 4.543125e+00
7.844526e+03 3.122686e+02 1.078903e+03 8.141461e-01 9.753813e-01 8.950713e-02 6.458069e-04 6.162382e+00
7.415686e+03 2.600227e+02 6.358100e+02 5.665041e-01 2.490404e-01 1.086947e-01 1.313368e-02 2.337243e+00
7.357485e+03 2.739382e+02 6.057460e+02 7.229739e-02 1.188936e-01 -5.734570e-02 1.892481e-02 2.258224e+00
7.321469e+03 3.187219e+02 5.686656e+02 6.261257e-02 8.100865e-02 -6.264382e-02 -2.324534e-02 2.208793e+00
7.300973e+03 2.501775e+02 1.260356e+03 1.281682e-01 7.284373e-01 9.578445e-02 -2.743231e-03 5.767543e+00
7.975664e+03 2.678051e+02 1.056420e+03 2.424701e-01 8.464658e-01 -1.071389e-01 -3.796484e-02 5.381583e+00
7.250743e+03 2.970838e+02 1.054638e+03 8.069704e-01 6.669308e-01 -1.087167e-01 1.112121e-02 4.580770e+00
7.738206e+03 2.900919e+02 1.175212e+03 1.872549e-01 1.553401e-01 1.190173e-01 -2.940807e-02 2.478506e+00
7.253860e+03 2.955549e+02 9.642336e+02 3.227919e-01 6.706192e-01 9.465819e-03 5.279300e-03 6.077746e+00
7.522479e+03 3.311260e+02 9.690240e+02 5.150319e-01 8.783719e-01 5.979631e-02 3.766455e-02 5.573744e+00
7.986744e+03 3.133365e+02 7.870080e+02 5.508573e-01 7.616680e-01 -1.433519e-01 1.178532e-02 3.974237e+00
7.210157e+03 2.591638e+02 1.382539e+03 6.948208e-01 9.253735e-01 -1.353973e-01 -1.804666e-02 6.427213e+00
7.237440e+03 2.738925e+02 1.694378e+03 7.968921e-01 2.945528e-02 1.232118e-01 -3.693814e-02 1.931009e+00
7.204061e+03 2.927841e+02 1.073298e+03 6.762416e-01 9.238950e-01 -1.585983e-01 -3.605673e-02 5.411738e+00
7.978861e+03 3.192759e+02 1.023296e+03 9.141463e-01 1.324502e-01 8.917576e-02 -3.984036e-03 2.106609e+00
7.417181e+03 2.756323e+02 8.037699e+02 3.137707e-02 9.960625e-01 1.509873e-02 -6.665767e-03 7.777985e+00
7.496542e+03 3.466031e+02 6.346568e+02 7.477701e-01 7.366113e-01 1.592769e-01 -2.365379e-02 3.700624e+00
7.683029e+03 2.864636e+02 7.796764e+02 3.647720e-01 9.148656e-01 -7.271354e-02 4.755402e-02 4.942401e+00
7.590896e+03 3.152442e+02 5.451550e+02 1.682591e-01 7.507612e-01 -5.383393e-02 1.792382e-02 4.443734e+00
7.322142e+03 3.411206e+02 5.506724e+02 4.790077e-01 5.404548e-01 2.944971e-02 -4.396905e-02 4.038306e+00
7.344564e+03 3.341470e+02 1.605265e+03 8.911770e-01 2.855391e-01 1.464178e-04 1.305563e-02 4.105592e+00
7.589176e+03 2.921252e+02 6.051014e+02 2.413899e-01 5.901851e-01 1.633201e-01 9.146317e-03 3.190494e+00
7.612166e+03 3.212343e+02 1.352519e+03 2.518594e-01 7.207146e-01 4.102833e-02 -1.701672e-02 6.839870e+00
7.918142e+03 3.190981e+02 1.651902e+03 5.472379e-01 4.456084e-01 -9.695014e-02 1.983315e-02 4.099780e+00
7.481218e+03 3.031306e+02 1.336239e+03 1.397943e-01 1.737484e-01 8.851183e-02 2.692472e-03 2.922458e+00
7.211092e+03 3.484597e+02 1.272834e+03 8.889583e-01 3.932986e-01 -1.665183e-01 -1.599462e-02 3.245849e+00
7.759369e+03 2.935610e+02 7.719204e+02 8.743375e-01 2.392116e-01 -1.126722e-01 -1.681600e-03 2.286388e+00
7.776835e+03 3.443956e+02 1.493785e+03 4.557366e-01 3.761044e-01 1.596839e-01 2.163512e-02 3.249583e+00
7.840173e+03 3.472108e+02 9.951264e+02 1.938616e-02 6.173901e-01 -1.084739e-01 3.442793e-02 4.055473e+00
7.283976e+03 2.836924e+02 1.313737e+03 9.460835e-01 3.288935e-01 -1.149653e-01 3.159230e-02 3.043600e+00
7.281034e+03 2.868642e+02 9.209639e+02 1.718011e-02 7.788006e-01 -1.285602e-02 -4.353160e-02 6.408241e+00
7.219198e+03 2.983656e+02 1.248048e+03 7.186352e-01 9.614372e-01 -4.409873e-02 2.711046e-02 7.195582e+00
7.487251e+03 3.095729e+02 1.252544e+03 4.080615e-01 1.266322e-01 -7.580606e-02 3.491494e-02 2.460511e+00
7.563191e+03 3.432651e+02 1.200984e+03 8.059964e-02 9.287779e-01 -8.641722e-02 3.996114e-02 6.029420e+00
7.490142e+03 3.440962e+02 9.757243e+02 2.731697e-01 9.938138e-01 1.375811e-01 4.527281e-02 5.234885e+00
7.924893e+03 3.383501e+02 1.012806e+03 4.172844e-01 4.102498e-02 1.195231e-01 2.526800e-02 1.752772e+00
7.274260e+03 2.583066e+02 7.149464e+02 7.905399e-01 9.048109e-02 -1.028263e-02 1.451617e-03 2.364605e+00
7.471748e+03 2.507525e+02 8.464569e+02 1.582328e-01 1.887330e-01 -7.129584e-02 -3.527506e-02 2.716527e+00
7.621197e+03 2.988189e+02 1.675752e+03 7.134496e-02 3.014401e-01 1.467591e-02 -4.704440e-02 4.418452e+00
7.781018e+03 2.997029e+02 1.022996e+03 6.624307e-01 4.303047e-01 -2.602932e-02 1.366330e-02 4.064263e+00
7.723263e+03 3.442312e+02 1.418611e+03 1.354085e-02 3.863685e-01 -4.909762e-02 -1.753883e-02 4.677203e+00
7.517152e+03 3.368513e+02 1.238655e+03 5.704427e-01 8.576222e-01 5.744303e-02 2.207172e-02 6.375018e+00
7.684666e+03 2.579767e+02 1.671717e+03 8.352082e-01 3.824113e-01 -1.065377e-01 -3.046742e-02 3.846831e+00
7.470396e+03 2.523715e+02 1.259100e+03 7.311461e-01 5.428252e-01 -1.496363e-01 -2.689635e-02 3.969894e+00
7.380565e+03 3.313800e+02 8.265613e+02 3.231236e-01 4.487160e-01 1.056148e-01 4.109251e-02 3.203182e+00
7.554519e+03 3.100064e+02 5.023040e+02 8.095328e-01 6.536791e-01 -1.606646e-01 -4.055543e-02 3.030446e+00
7.272085e+03 2.771320e+02 1.500547e+03 4.096303e-01 6.519706e-01 -1.045675e-01 2.938274e-02 5.164561e+00
7.305122e+03 3.204279e+02 8.363376e+02 8.534333e-01 3.354760e-02 -8.078735e-02 3.223556e-03 1.729881e+00
7.304754e+03 3.365549e+02 7.451054e+02 3.594610e-01 2.941925e-01 -1.228672e-02 2.101167e-03 3.591228e+00
7.228777e+03 3.141078e+02 1.660991e+03 2.136457e-02 2.667223e-01 -7.448255e-02 4.496488e-02 3.571545e+00
7.811587e+03 2.623671e+02 5.662765e+02 9.355188e-01 1.637035e-01 -1.036992e-01 8.556687e-03 1.785625e+00
7.520254e+03 3.355192e+02 8.150955e+02 4.789136e-01 5.285470e-02 -1.167596e-01 2.229262e-02 1.744178e+00
7.873263e+03 2.687139e+02 1.558693e+03 4.391666e-01 3.519487e-01 1.693668e-01 1.745985e-02 3.136675e+00
7.830918e+03 2.964664e+02 6.068537e+02 4.582720e-01 2.734403e-01 -1.406717e-01 -1.055277e-02 2.251757e+00
7.837821e+03 3.071222e+02 1.408398e+03 6.744400e-01 9.732156e-01 -1.315859e-01 -3.824669e-02 6.219751e+00
