7.479169e+03 2.865456e+02 7.855611e+02 1.217694e-01 4.498929e-01 5.413031e-03 -4.721467e-02 1.962775e+00
7.542361e+03 2.750279e+02 1.438560e+03 9.853772e-01 5.230631e-01 3.760454e-02 4.998268e-02 1.778685e+00
7.716893e+03 2.971008e+02 1.002821e+03 5.951481e-01 2.979118e-01 -9.345023e-02 -1.463142e-02 1.564057e+00
7.511759e+03 3.037564e+02 5.402571e+02 2.808600e-01 2.921838e-01 -1.476974e-01 -2.837318e-02 1.436172e+00
7.357743e+03 2.583521e+02 7.425088e+02 1.528145e-01 1.575073e-01 -1.054829e-01 -8.697739e-03 1.469865e+00
7.659280e+03 3.355771e+02 6.897135e+02 8.408129e-01 5.761247e-01 8.481504e-02 3.608460e-02 1.769792e+00
7.888948e+03 3.332526e+02 5.262552e+02 8.257379e-01 9.582772e-01 3.124655e-02 -5.111793e-02 2.363907e+00
7.308081e+03 2.859344e+02 8.243556e+02 9.583256e-01 1.052193e-01 -1.282100e-01 1.613470e-02 1.056707e+00
7.524005e+03 2.746151e+02 1.039073e+03 6.795128e-01 4.934195e-01 -1.023958e-01 -4.246778e-02 1.707611e+00
7.514522e+03 3.370330e+02 9.089434e+02 7.792742e-02 1.213084e-01 -1.021334e-01 3.000347e-02 1.511226e+00
7.440684e+03 2.786311e+02 1.494327e+03 9.681188e-01 2.967807e-01 -9.536534e-02 -2.913846e-02 1.388909e+00
7.231587e+03 2.693698e+02 1.020649e+03 7.596865e-01 2.881114e-01 7.763071e-02 8.377167e-03 1.578456e+00
7.563584e+03 3.395394e+02 6.248179e+02 8.419763e-01 4.215755e-01 -9.375652e-02 3.955587e-02 1.584931e+00
7.626530e+03 3.422666e+02 1.440618e+03 3.077831e-01 8.948929e-01 -1.556750e-01 1.235270e-02 2.387228e+00
7.340070e+03 2.737915e+02 7.686217e+02 4.281094e-01 4.613564e-01 1.129055e-01 1.663336e-02 1.754306e+00
7.855005e+03 3.121184e+02 6.238518e+02 4.050327e-01 9.506558e-01 -5.429894e-02 -2.869163e-02 2.631610e+00
7.933835e+03 2.605381e+02 1.602670e+03 8.880333e-01 2.738424e-01 3.392464e-02 3.131224e-02 1.653747e+00
7.443158e+03 2.656860e+02 1.208578e+03 3.183821e-01 3.252445e-01 -1.666136e-01 -3.609904e-02 1.461189e+00
7.257220e+03 3.206155e+02 1.111273e+03 9.879092e-01 5.507582e-01 1.370228e-01 -2.341072e-03 1.638478e+00
7.890931e+03 3.397059e+02 1.608289e+03 9.887958e-01 9.168931e-01 7.149789e-03 4.157915e-02 2.369311e+00
7.729679e+03 3.489838e+02 1.468868e+03 7.388237e-01 6.972766e-01 4.792207e-02 4.290706e-02 2.182176e+00
7.513210e+03 2.697206e+02 1.345907e+03 3.197053e-01 1.968093e-01 4.911613e-02 2.426244e-02 1.726878e+00
7.544187e+03 3.157482e+02 1.054974e+03 9.341063e-01 9.658849e-01 1.258731e-01 -2.199502e-03 2.313039e+00
7.920254e+03 3.048830e+02 1.644442e+03 4.176066e-01 3.955543e-01 -9.619227e-02 -1.931195e-02 1.805177e+00
7.331036e+03 2.565001e+02 1.498947e+03 4.049197e-01 6.606032e-02 1.405944e-01 1.688000e-02 1.292897e+00
7.950164e+03 3.040107e+02 5.546663e+02 5.380236e-02 2.512693e-01 1.195832e-01 3.034895e-02 1.569585e+00
7.448678e+03 2.853082e+02 8.673745e+02 1.153579e-01 8.999862e-01 3.448146e-02 -4.174554e-02 2.783956e+00
7.544814e+03 3.057275e+02 1.212298e+03 2.185726e-01 4.122949e-01 -9.145079e-02 4.972845e-02 1.803617e+00
7.862883e+03 2.785214e+02 5.703377e+02 5.244434e-01 1.065828e-01 1.966021e-02 -5.176404e-02 1.255871e+00
7.788181e+03 2.905006e+02 6.918183e+02 5.443192e-02 5.034172e-01 -1.132013e-01 -4.332385e-02 1.749305e+00
7.794786e+03 3.434036e+02 1.435494e+03 5.700785e-01 7.101584e-01 -2.920173e-02 1.698360e-02 2.426938e+00
7.530239e+03 3.444138e+02 7.931104e+02 4.477269e-01 9.576568e-01 7.933047e-02 3.562247e-02 2.474247e+00
7.229793e+03 3.047510e+02 1.586108e+03 2.293687e-01 1.274501e-01 1.479605e-01 3.919018e-02 1.380718e+00
7.587054e+03 3.359755e+02 1.462225e+03 9.424813e-02 9.271100e-01 -9.452524e-02 -1.887805e-02 2.738742e+00
7.730864e+03 3.358895e+02 1.538512e+03 2.330987e-01 7.899008e-01 -6.569653e-02 -2.089841e-02 2.627333e+00
7.306632e+03 3.216702e+02 8.650300e+02 7.184972e-01 5.475989e-01 1.454709e-01 3.345569e-02 1.714099e+00
7.326549e+03 2.994618e+02 1.300839e+03 2.446498e-01 7.402823e-01 6.088088e-02 2.632949e-02 2.402786e+00
7.601038e+03 3.043345e+02 5.027852e+02 4.818474e-01 2.539725e-01 9.034993e-02 -2.998053e-02 1.456212e+00
7.349554e+03 3.141636e+02 1.359549e+03 7.955619e-01 2.168867e-01 1.496803e-01 8.673233e-03 1.317655e+00
7.858818e+03 3.232808e+02 1.034106e+03 9.949621e-01 7.140171e-01 3.090793e-02 -1.020057e-02 2.157479e+00
7.380119e+03 3.312728e+02 1.243976e+03 9.482420e-01 8.122377e-01 -6.876359e-02 2.327323e-02 2.192699e+00
7.267780e+03 2.566982e+02 1.000865e+03 1.806433e-01 5.051375e-03 3.572636e-02 -1.673806e-02 1.595403e+00
7.983420e+03 3.460242e+02 1.486186e+03 8.630012e-01 1.254062e-01 -7.715720e-02 5.550994e-03 1.328166e+00
7.425387e+03 2.542282e+02 1.198290e+03 7.522425e-01 2.156796e-01 1.343278e-01 -7.604236e-03 1.339900e+00
7.343970e+03 3.190047e+02 1.495236e+03 5.521492e-01 7.815338e-01 1.434491e-01 -1.623784e-02 2.224516e+00
7.965008e+03 3.039773e+02 1.145769e+03 9.434988e-01 3.200267e-01 1.071774e-01 -3.466144e-03 1.398058e+00
7.311677e+03 3.499878e+02 8.977482e+02 7.161102e-02 6.752778e-03 1.172837e-02 1.301886e-02 1.768010e+00
7.827657e+03 2.611199e+02 1.666362e+03 2.168342e-01 3.984875e-02 -1.127165e-01 -4.471715e-02 1.208843e+00
7.486276e+03 3.140849e+02 1.098534e+03 2.324081e-01 9.673005e-01 5.712300e-02 -3.225379e-02 2.901930e+00
7.491516e+03 3.006862e+02 5.229926e+02 7.296932e-01 7.571268e-01 -8.426846e-02 -7.825640e-03 2.061624e+00
7.627760e+03 2.941553e+02 8.635922e+02 3.750724e-01 1.245578e-01 1.170991e-01 -4.756177e-02 1.201324e+00
7.961234e+03 3.488313e+02 1.467357e+03 4.711790e-01 9.735328e-01 1.052283e-01 3.672085e-02 2.529639e+00
7.956623e+03 2.515037e+02 6.890104e+02 4.749286e-01 7.822791e-01 -1.030349e-01 -1.014874e-02 2.157725e+00
7.352249e+03 2.556374e+02 1.087665e+03 7.607756e-01 7.783649e-01 -1.410170e-01 5.498099e-03 2.078265e+00
7.391685e+03 2.885405e+02 7.054119e+02 6.934278e-01 5.200770e-01 -1.103440e-01 4.887821e-02 1.721770e+00
7.865880e+03 2.754672e+02 1.177836e+03 7.641475e-01 2.250576e-01 8.537779e-02 2.809557e-02 1.479068e+00
7.681570e+03 2.802662e+02 9.785277e+02 9.616434e-01 1.200740e-01 -1.129646e-01 -4.296542e-02 9.668666e-01
7.208858e+03 3.389123e+02 1.298191e+03 7.153584e-01 8.152021e-01 1.027776e-01 2.412830e-02 2.238879e+00
7.586287e+03 2.774178e+02 1.040957e+03 3.883148e-01 5.287665e-01 -1.048682e-01 9.913199e-03 1.889289e+00
7.925973e+03 3.064563e+02 1.416744e+03 3.361162e-01 2.769662e-01 -1.067859e-01 -4.984870e-02 1.469768e+00
7.667842e+03 2.789662e+02 1.323812e+03 8.445332e-01 2.751531e-01 -9.191404e-02 3.631906e-02 1.490414e+00
7.677747e+03 3.493492e+02 1.092268e+03 3.976731e-01 5.961548e-01 -1.239428e-01 1.005749e-02 1.935400e+00
7.849943e+03 2.649772e+02 7.805298e+02 2.742783e-01 3.248139e-02 1.619377e-01 3.085525e-02 1.226763e+00
7.976222e+03 3.398420e+02 1.657080e+03 4.984460e-01 8.102401e-01 -9.952343e-02 -4.932558e-02 2.312922e+00
7.526071e+03 2.766015e+02 1.367564e+03 7.934419e-01 7.362281e-01 -1.180345e-01 4.763142e-02 2.001110e+00
7.414940e+03 2.554471e+02 5.250636e+02 7.791261e-01 1.711261e-01 1.089012e-02 7.459991e-03 1.598079e+00
7.540551e+03 3.069074e+02 1.546500e+03 6.667947e-01 5.369161e-01 9.810464e-02 4.297500e-02 1.860869e+00
7.348330e+03 2.897491e+02 8.756133e+02 4.886778e-01 2.084882e-01 7.902429e-02 -5.220254e-03 1.558248e+00
7.292186e+03 2.678357e+02 1.296207e+03 9.237875e-01 7.139387e-01 -4.747047e-02 4.417751e-02 2.101561e+00
7.225182e+03 3.076652e+02 6.114116e+02 6.443450e-01 1.675227e-01 3.251406e-02 3.965764e-02 1.593190e+00
7.556151e+03 2.627190e+02 1.609175e+03 5.873537e-01 4.964464e-01 8.234631e-02 -9.961890e-03 1.972525e+00
7.803117e+03 3.102546e+02 5.752992e+02 7.434783e-01 3.396150e-01 1.904648e-02 -3.425253e-02 1.653244e+00
7.393330e+03 3.101709e+02 1.104458e+03 4.190612e-01 4.798609e-02 -1.327076e-01 3.486605e-02 1.286123e+00
7.656029e+03 2.582300e+02 6.065000e+02 8.522988e-01 5.919725e-01 -2.882861e-02 2.578349e-02 1.942965e+00
7.488644e+03 2.551777e+02 1.576900e+03 9.919848e-01 4.429502e-01 4.730020e-02 -3.110621e-02 1.786760e+00
7.449186e+03 3.217320e+02 1.617406e+03 4.685251e-01 1.356972e-01 1.701690e-01 1.151888e-02 1.287269e+00
7.481979e+03 3.322078e+02 1.531555e+03 6.548424e-01 3.099744e-01 1.006612e-01 -3.013825e-02 1.576219e+00
7.504884e+03 3.356234e+02 1.137238e+03 1.948578e-01 9.204001e-01 9.683039e-02 -4.616456e-02 2.511861e+00
7.656900e+03 3.033375e+02 8.665962e+02 9.005426e-01 3.473160e-01 2.960718e-02 2.991168e-02 1.663460e+00
7.314649e+03 3.383343e+02 8.991502e+02 2.391563e-02 3.806443e-01 -1.211027e-02 -2.606142e-02 2.198849e+00
7.374894e+03 3.253036e+02 1.071622e+03 2.923717e-01 7.956732e-01 -4.033735e-02 4.627737e-02 2.430310e+00
7.893165e+03 2.959483e+02 1.044113e+03 2.455527e-02 3.891444e-01 -1.778766e-02 -7.903332e-03 2.232423e+00
7.867883e+03 3.106196e+02 1.595625e+03 8.091250e-01 4.446856e-01 -6.037969e-02 -2.697935e-02 1.893959e+00
7.490054e+03 3.030622e+02 1.062676e+03 5.330725e-01 9.598289e-01 -1.189896e-01 1.136179e-02 2.463820e+00
7.792647e+03 3.408168e+02 1.058395e+03 4.679584e-03 7.351045e-01 -1.632287e-01 4.337751e-02 2.090545e+00
7.917559e+03 3.490033e+02 1.179710e+03 4.805618e-01 4.359458e-01 1.652097e-01 -4.016200e-02 1.557559e+00
7.368927e+03 3.166863e+02 6.388602e+02 1.262629e-01 8.798407e-01 1.491210e-01 1.805092e-02 2.289099e+00
7.370936e+03 2.616213e+02 1.526830e+03 4.791872e-01 3.527871e-02 -2.115871e-02 -3.150695e-02 1.551140e+00
7.416625e+03 3.392596e+02 1.194847e+03 8.607315e-01 8.295809e-01 -1.311691e-01 -4.403807e-02 2.088326e+00
7.629337e+03 3.185308e+02 6.755664e+02 5.091776e-01 3.602560e-01 -2.170048e-02 2.892995e-02 1.861895e+00
7.767262e+03 2.564656e+02 1.075840e+03 3.235475e-01 4.812043e-01 -2.016251e-02 -4.545213e-02 2.034895e+00
7.839893e+03 2.633244e+02 8.906088e+02 7.047686e-01 7.121335e-02 1.181010e-01 3.389345e-02 1.254471e+00
7.375963e+03 2.574417e+02 5.305224e+02 1.400939e-01 8.361910e-01 5.374819e-02 4.746553e-02 2.382264e+00
7.679337e+03 3.310602e+02 1.247178e+03 6.076770e-01 6.702268e-01 9.348211e-03 -2.930997e-02 2.506133e+00
7.999238e+03 3.240301e+02 1.154512e+03 5.823123e-01 7.546537e-01 -3.659061e-02 -4.978736e-02 2.332701e+00
7.503867e+03 3.135018e+02 1.437847e+03 6.584045e-01 6.305472e-01 5.631881e-02 -3.348040e-02 2.245812e+00
7.502220e+03 2.704676e+02 1.261154e+03 7.062888e-01 2.357914e-01 2.610379e-02 2.392026e-02 1.734124e+00
7.946559e+03 2.845995e+02 1.555989e+03 5.538406e-01 5.875653e-01 7.293472e-02 2.467597e-02 2.059439e+00
7.569524e+03 3.269125e+02 8.267476e+02 9.124557e-01 9.676725e-02 -1.140980e-01 3.121811e-02 1.142121e+00
7.452613e+03 2.903179e+02 1.649570e+03 6.189750e-01 9.099065e-03 1.009871e-01 1.642552e-02 1.271773e+00
7.271173e+03 2.567383e+02 5.172235e+02 9.866441e-01 3.759026e-01 5.507828e-02 5.923533e-04 1.463699e+00
7.943867e+03 3.044267e+02 5.615799e+02 4.249348e-01 9.743732e-02 -1.557679e-01 2.707444e-02 1.272900e+00
7.653994e+03 2.621587e+02 1.397772e+03 5.048483e-01 9.263167e-01 -9.848630e-03 4.603185e-02 2.611027e+00
7.333557e+03 2.875697e+02 1.276272e+03 4.447776e-01 1.976624e-01 -6.438692e-02 3.861065e-02 1.638076e+00
7.733744e+03 3.282897e+02 1.141316e+03 7.322425e-01 1.181103e-01 -1.146580e-01 2.231317e-02 1.283978e+00
7.331212e+03 2.884454e+02 9.471570e+02 6.536850e-01 1.412658e-01 -1.342283e-01 8.675696e-04 1.277258e+00
7.669454e+03 2.512443e+02 1.679494e+03 8.669090e-01 9.904173e-02 -1.651517e-01 3.971618e-02 1.129182e+00
7.642128e+03 2.861697e+02 1.116740e+03 3.724777e-01 6.318596e-01 -5.011576e-03 -4.347775e-02 2.289433e+00
7.831499e+03 3.380888e+02 5.327606e+02 8.490124e-01 9.931502e-01 5.459001e-02 1.720677e-02 2.370278e+00
7.578319e+03 3.218967e+02 7.559340e+02 2.761003e-01 8.060248e-01 -1.175189e-01 3.056602e-02 2.193746e+00
7.700898e+03 2.810497e+02 1.155983e+03 6.004088e-01 1.444851e-01 1.094952e-01 4.004021e-02 1.399304e+00
7.867052e+03 3.470499e+02 9.735742e+02 3.141379e-01 2.486066e-01 1.379344e-01 3.466637e-02 1.488647e+00
7.912071e+03 2.798348e+02 9.897328e+02 4.336882e-02 6.296970e-01 -1.933733e-02 4.847472e-02 2.200015e+00
7.686857e+03 2.912707e+02 1.581156e+03 8.023606e-01 9.287841e-01 -9.806661e-02 -3.021568e-02 2.501484e+00
7.646935e+03 3.220256e+02 7.364051e+02 2.066792e-01 6.043066e-01 1.953246e-03 -1.468058e-02 2.508069e+00
7.277405e+03 2.988989e+02 1.598073e+03 8.121087e-01 3.048909e-01 2.469594e-02 4.993963e-02 1.682859e+00
7.881495e+03 3.473867e+02 9.683974e+02 9.598293e-01 1.420580e-01 -1.434201e-01 -2.750806e-02 1.004296e+00
7.845197e+03 3.207088e+02 5.269030e+02 4.482903e-01 2.032673e-01 -1.569586e-01 1.610949e-02 1.353555e+00
7.394798e+03 2.756950e+02 1.266990e+03 4.841670e-01 2.332573e-01 -1.455904e-02 3.333126e-02 1.781378e+00
7.844439e+03 2.526735e+02 1.380302e+03 9.303858e-01 2.231514e-01 6.957349e-02 -4.036377e-02 1.331507e+00
7.366507e+03 2.832810e+02 1.333769e+03 2.955016e-02 5.160673e-01 -8.111879e-02 2.567120e-02 2.055393e+00
7.648304e+03 3.153748e+02 1.061481e+03 1.691265e-01 9.535981e-01 -3.869086e-02 -1.579472e-02 3.011341e+00
7.735342e+03 2.628939e+02 5.182867e+02 3.810462e-01 2.432919e-02 -1.117115e-01 -1.550591e-02 1.198466e+00
7.329008e+03 2.916481e+02 6.350597e+02 7.995361e-01 5.481937e-02 -7.185540e-02 4.446421e-02 1.313525e+00
7.938828e+03 3.438184e+02 7.955753e+02 7.975774e-01 8.304768e-01 -7.436820e-02 -2.270329e-02 2.251820e+00
7.969689e+03 3.300683e+02 1.190309e+03 3.123624e-01 1.523703e-01 3.058476e-02 -4.044971e-03 1.777956e+00
7.772903e+03 3.413710e+02 7.447959e+02 5.582048e-01 5.386453e-01 -1.501360e-01 2.027779e-02 1.725443e+00
7.234533e+03 3.149237e+02 1.585388e+03 9.810733e-01 6.208493e-02 5.590195e-02 -4.002496e-02 1.079692e+00
7.515334e+03 3.325446e+02 5.141956e+02 9.639451e-01 4.027884e-01 -1.545919e-01 2.952328e-03 1.360615e+00
7.616622e+03 2.687150e+02 1.127511e+03 2.616415e-01 8.935293e-01 -1.264323e-01 -2.285993e-02 2.454053e+00
7.248095e+03 3.459426e+02 7.540248e+02 3.465736e-02 2.363805e-01 -4.756402e-02 -3.669585e-02 1.739483e+00
7.663403e+03 3.363028e+02 1.503433e+03 6.614936e-01 2.325180e-01 7.141488e-02 5.187821e-02 1.584567e+00
7.323002e+03 2.726252e+02 1.431939e+03 4.526834e-01 8.664050e-01 -1.690617e-01 -4.023826e-02 2.266546e+00
7.837724e+03 2.840785e+02 1.357917e+03 7.771559e-01 8.407160e-02 1.322123e-01 4.118565e-02 1.221282e+00
7.252564e+03 2.797889e+02 9.695116e+02 7.572260e-01 5.248233e-02 5.381578e-02 4.062154e-02 1.399456e+00
7.245053e+03 3.052233e+02 1.633563e+03 7.359004e-01 7.761557e-01 -1.217530e-01 -2.634196e-02 2.245966e+00
7.745264e+03 3.467024e+02 1.489805e+03 8.382233e-02 2.665348e-01 1.372879e-01 3.599370e-02 1.574496e+00
7.886827e+03 3.004365e+02 1.084260e+03 6.740112e-01 2.686723e-01 1.529241e-01 4.497177e-02 1.415611e+00
7.434921e+03 2.823320e+02 1.160438e+03 9.661853e-01 8.993341e-02 5.154644e-02 -3.870288e-02 1.118107e+00
7.239628e+03 2.593708e+02 5.965559e+02 8.876884e-01 9.158078e-02 -8.155635e-02 7.074244e-03 1.185733e+00
7.232826e+03 2.538069e+02 7.004556e+02 5.054785e-01 7.519835e-01 -1.212826e-01 -5.054180e-02 1.986705e+00
7.689417e+03 3.132679e+02 1.269351e+03 6.905546e-01 3.278154e-01 -2.741672e-02 4.457316e-02 1.736188e+00
7.560263e+03 2.539615e+02 1.427295e+03 1.454689e-01 2.072586e-01 -1.498855e-01 -2.272651e-02 1.448347e+00
7.937310e+03 2.698131e+02 1.209522e+03 3.655584e-01 8.889081e-01 6.433763e-02 -1.202931e-02 2.649867e+00
7.489514e+03 2.805347e+02 9.917484e+02 1.116205e-01 9.627556e-01 -6.387196e-02 -4.544329e-03 2.818680e+00
7.921148e+03 3.239929e+02 7.666807e+02 1.166033e-01 5.063715e-01 -8.967933e-02 -2.044575e-02 1.936195e+00
7.673641e+03 3.373234e+02 1.552093e+03 3.387886e-01 8.119756e-02 -1.698351e-01 -6.128226e-03 1.222676e+00
7.754315e+03 2.502257e+02 1.412027e+03 2.578021e-02 1.541349e-01 2.405736e-02 1.723504e-03 1.912318e+00
7.731229e+03 2.965338e+02 5.871442e+02 8.911051e-01 4.857436e-01 2.977220e-02 -1.085397e-02 1.828018e+00
7.244549e+03 2.892833e+02 8.518657e+02 3.807805e-01 2.983981e-01 1.460463e-01 4.227705e-02 1.513698e+00
7.672371e+03 3.368572e+02 1.418293e+03 6.377183e-01 7.448866e-01 1.114398e-01 -1.253289e-02 2.191872e+00
7.643399e+03 2.518292e+02 6.301997e+02 2.952756e-01 4.947787e-01 6.266621e-03 3.360186e-02 2.024079e+00
7.420366e+03 2.969759e+02 9.058238e+02 1.176154e-01 3.487542e-02 -1.037449e-01 -4.563801e-02 1.206456e+00
7.455622e+03 3.416225e+02 1.611377e+03 1.428872e-01 4.321134e-01 -2.263296e-02 -1.480788e-02 2.391447e+00
7.222863e+03 2.757619e+02 1.226079e+03 8.789290e-01 8.275005e-01 -1.603429e-01 -2.676942e-02 2.099995e+00
7.680648e+03 2.673438e+02 7.950267e+02 6.485490e-01 3.512202e-01 1.048886e-01 1.920535e-02 1.581135e+00
7.899504e+03 3.225023e+02 1.363816e+03 5.126904e-01 9.412269e-01 -1.725307e-01 5.069175e-02 2.306897e+00
7.695648e+03 2.883477e+02 1.557340e+03 2.894727e-01 9.798259e-01 2.316316e-02 2.240028e-04 3.236735e+00
7.273914e+03 3.320551e+02 7.495801e+02 6.170747e-01 3.119750e-01 -3.887573e-02 -5.147979e-02 1.566626e+00
7.776825e+03 3.455787e+02 1.244129e+03 7.132148e-01 9.107639e-01 -1.780908e-02 2.493810e-02 2.634679e+00
7.566755e+03 2.644533e+02 1.282892e+03 6.602793e-01 5.701820e-02 2.255481e-02 -4.711268e-02 1.306682e+00
7.609394e+03 3.117530e+02 5.204725e+02 2.796794e-01 2.890531e-02 1.266935e-01 -5.000502e-02 1.038615e+00
7.742160e+03 3.306325e+02 9.105701e+02 5.854740e-01 2.103489e-01 -1.410363e-01 -3.410010e-02 1.270861e+00
7.567952e+03 3.372303e+02 1.521499e+03 7.485703e-01 7.386250e-01 -1.675497e-01 -3.196492e-02 2.007631e+00
7.916587e+03 3.114277e+02 1.002531e+03 4.990455e-01 8.598819e-01 -1.638105e-01 4.182881e-02 2.161201e+00
7.249305e+03 3.243231e+02 1.294411e+03 6.272303e-02 7.913871e-01 -2.598382e-03 1.840615e-02 2.806743e+00
7.974955e+03 2.606892e+02 9.539906e+02 3.998687e-01 1.484903e-01 -1.669753e-01 1.321137e-02 1.296050e+00
7.781981e+03 2.846809e+02 1.299230e+03 3.060672e-01 9.123263e-01 1.477664e-02 4.386973e-02 2.633883e+00
7.565082e+03 2.992719e+02 1.686543e+03 9.758405e-01 3.811273e-01 -1.643921e-01 3.429218e-02 1.405745e+00
7.859980e+03 2.963244e+02 1.259718e+03 3.946320e-02 2.494980e-01 -6.261092e-02 -1.104342e-02 1.815337e+00
7.762892e+03 2.511547e+02 1.472939e+03 9.209320e-01 1.360775e-01 1.067591e-01 2.141211e-03 1.219474e+00
7.891816e+03 3.008877e+02 1.219486e+03 8.052148e-01 6.182919e-02 7.994022e-02 1.254780e-02 1.271242e+00
7.982100e+03 2.919402e+02 5.070767e+02 9.675566e-01 9.709848e-01 7.176358e-02 -6.300343e-03 2.229453e+00
7.878310e+03 2.947780e+02 9.247463e+02 3.913772e-01 6.035435e-01 3.157173e-02 -4.160282e-02 2.197497e+00
7.755054e+03 3.265107e+02 9.724557e+02 7.029172e-01 5.561328e-01 -1.562629e-01 3.092461e-02 1.715153e+00
7.422362e+03 2.987145e+02 1.506777e+03 3.983727e-01 1.843580e-01 -8.323107e-02 1.466212e-02 1.599530e+00
7.259786e+03 3.211139e+02 6.228862e+02 8.890325e-01 6.893568e-01 -2.295300e-02 3.070082e-02 2.023664e+00
7.815475e+03 2.769873e+02 1.530416e+03 4.859556e-01 9.378168e-01 5.219224e-02 -1.302716e-03 2.847756e+00
7.541534e+03 3.468480e+02 1.164385e+03 8.541979e-01 8.199391e-01 -1.538231e-01 1.963749e-02 2.061610e+00
7.351537e+03 2.795698e+02 1.236751e+03 3.320137e-01 2.907014e-01 1.480372e-01 -6.021028e-04 1.532221e+00
7.776274e+03 2.972682e+02 8.130207e+02 1.704145e-01 7.800851e-01 7.467227e-02 -2.502447e-02 2.389917e+00
7.966053e+03 3.289277e+02 1.188561e+03 2.049386e-01 4.535649e-01 1.147881e-01 -3.311782e-02 1.766766e+00
7.294322e+03 3.342511e+02 1.280877e+03 6.834656e-01 4.195157e-01 5.249416e-02 -2.669800e-02 1.936529e+00
7.612276e+03 2.675351e+02 9.500185e+02 2.426030e-01 9.110165e-01 1.229493e-01 4.402769e-02 2.365471e+00
7.955395e+03 3.019848e+02 6.288491e+02 5.918297e-01 8.913370e-01 -3.162442e-02 6.527860e-03 2.504613e+00
7.621485e+03 3.409985e+02 1.646722e+03 4.543028e-01 9.955090e-01 1.704283e-01 -2.020357e-02 2.563995e+00
7.838707e+03 3.369222e+02 7.085336e+02 5.654403e-01 9.853953e-01 7.720734e-02 -1.273343e-02 2.541187e+00
7.902627e+03 3.472821e+02 9.584468e+02 4.950039e-01 3.491370e-01 -5.146380e-02 4.817133e-02 1.774113e+00
7.978624e+03 2.999945e+02 6.147857e+02 5.219426e-01 5.989280e-01 5.770455e-02 -2.076194e-02 2.033531e+00
7.751646e+03 2.776014e+02 7.628365e+02 6.410160e-02 4.043648e-01 2.713097e-02 1.989201e-02 2.055246e+00
7.997521e+03 3.478276e+02 1.073418e+03 5.276414e-01 4.419240e-01 -1.683283e-02 -3.816622e-02 1.976960e+00
7.780203e+03 3.431926e+02 1.553734e+03 6.364938e-01 6.396654e-01 1.548899e-01 1.206940e-02 1.916107e+00
7.419665e+03 3.096490e+02 1.350148e+03 3.613303e-01 4.391570e-01 -6.321338e-02 -4.573611e-02 1.915111e+00
7.737564e+03 3.452690e+02 1.410020e+03 4.514270e-01 6.389856e-01 -1.885161e-02 -5.195319e-02 2.253878e+00
7.356640e+03 3.464216e+02 7.129495e+02 3.869334e-01 4.699545e-02 9.138115e-02 -4.833026e-02 1.152285e+00
7.592753e+03 3.412148e+02 1.490841e+03 6.663687e-02 6.334282e-01 -1.123817e-01 3.596892e-03 2.162600e+00
7.823024e+03 2.679834e+02 7.757432e+02 6.123444e-01 1.338527e-01 9.459417e-02 -3.795132e-02 1.233404e+00
7.780919e+03 2.985855e+02 1.559827e+03 3.786719e-01 4.591952e-02 -1.712339e-01 -4.686662e-03 1.168945e+00
7.634148e+03 3.119146e+02 1.031855e+03 7.557908e-01 8.921432e-01 -1.293644e-01 4.856739e-02 2.182441e+00
7.498378e+03 2.615691e+02 1.640020e+03 9.717740e-01 1.430682e-01 -1.441402e-01 2.268596e-02 1.131034e+00
7.699543e+03 3.353400e+02 1.183652e+03 8.727897e-01 7.706038e-01 -1.588680e-01 -1.584920e-02 2.000172e+00
7.829712e+03 2.510298e+02 6.533942e+02 3.793130e-01 6.323944e-01 -1.171806e-01 -3.613843e-04 1.944414e+00
7.618644e+03 2.894195e+02 1.134026e+03 6.682982e-01 3.779096e-01 2.971178e-03 -1.182685e-02 2.091132e+00
7.960104e+03 2.911460e+02 1.045369e+03 4.585313e-01 6.483131e-02 -1.465054e-01 1.192213e-02 1.231727e+00
7.647320e+03 2.544388e+02 6.449046e+02 3.059146e-01 6.448206e-01 -8.037438e-02 -4.429969e-02 1.997173e+00
7.601972e+03 2.581841e+02 7.185255e+02 2.087672e-01 4.999288e-01 1.208288e-01 2.784899e-02 1.805493e+00
7.548212e+03 2.534864e+02 7.590123e+02 2.535861e-01 2.679718e-01 -6.806461e-02 4.837650e-02 1.706785e+00
7.947616e+03 3.155282e+02 8.794731e+02 1.020084e-01 6.994576e-01 -1.618819e-01 6.645174e-04 2.053619e+00
7.278927e+03 2.855758e+02 1.230330e+03 7.666369e-01 3.695587e-01 1.188134e-01 1.042384e-02 1.589800e+00
7.390651e+03 2.945517e+02 9.323487e+02 4.436312e-01 9.018311e-01 1.082491e-01 4.140629e-02 2.345004e+00
7.291437e+03 3.049089e+02 1.694491e+03 2.851399e-01 3.983976e-01 1.507526e-01 -4.733210e-02 1.605293e+00
7.834149e+03 3.474871e+02 1.455478e+03 8.336605e-01 6.754241e-01 5.968800e-02 2.279294e-02 2.112005e+00
7.761746e+03 3.378991e+02 1.679620e+03 7.215839e-01 9.059114e-02 8.324785e-02 4.330519e-02 1.382866e+00
7.338383e+03 3.201118e+02 7.507445e+02 4.320976e-01 3.085027e-01 1.126268e-01 4.274360e-02 1.577341e+00
7.286389e+03 2.990899e+02 1.217052e+03 5.604911e-01 8.662369e-02 -9.092728e-02 3.908503e-03 1.381716e+00
7.315621e+03 2.868780e+02 1.425017e+03 8.273141e-01 3.913054e-01 2.698030e-04 -5.864326e-03 2.122134e+00
7.453049e+03 3.139920e+02 9.626920e+02 3.219652e-01 9.718154e-01 -2.136838e-02 -4.815738e-02 2.821555e+00
7.353623e+03 3.270754e+02 1.517122e+03 3.470891e-01 5.522419e-01 -7.251328e-02 -1.337138e-02 2.174968e+00
7.700104e+03 3.169137e+02 1.023343e+03 9.282805e-01 3.536785e-01 -1.369276e-01 -4.959482e-02 1.282832e+00
7.817642e+03 2.662384e+02 1.084526e+03 8.098834e-02 3.387882e-01 -5.729428e-02 -1.961427e-02 1.919852e+00
7.229050e+03 2.771308e+02 8.922475e+02 8.978966e-01 9.330726e-01 1.245937e-01 1.391616e-02 2.238806e+00
7.319937e+03 3.483783e+02 1.256848e+03 5.751545e-01 1.920867e-01 5.326816e-02 1.068660e-02 1.639145e+00
7.772129e+03 2.850404e+02 8.440090e+02 9.928693e-02 4.660468e-01 6.321875e-02 4.555159e-02 1.942402e+00
7.852354e+03 2.946582e+02 6.129967e+02 1.316331e-01 6.496481e-01 -9.306184e-03 3.979569e-02 2.190285e+00
7.573556e+03 3.029705e+02 1.367680e+03 7.925249e-01 7.080052e-01 -2.351407e-02 -2.773692e-02 2.525990e+00
7.803575e+03 2.981094e+02 1.247973e+03 7.432388e-03 1.144219e-01 7.544884e-02 4.908375e-03 1.612266e+00
7.797083e+03 2.817660e+02 1.007990e+03 1.868331e-01 6.827001e-01 -1.253906e-01 -2.783136e-02 2.064354e+00
7.468056e+03 2.758684e+02 1.405052e+03 7.146637e-01 4.875481e-01 -8.495868e-02 5.106603e-02 1.792551e+00
7.719186e+03 3.002654e+02 1.135544e+03 1.348668e-01 9.885686e-01 -1.298598e-01 -2.351063e-02 2.634035e+00
7.404332e+03 3.025204e+02 1.081335e+03 6.707758e-01 5.832094e-01 -1.383650e-01 4.480184e-03 1.835999e+00
7.368318e+03 3.374328e+02 6.204401e+02 8.309655e-01 4.634018e-01 1.316305e-01 3.904678e-02 1.574922e+00
7.874878e+03 3.462953e+02 8.547267e+02 5.478195e-01 2.211223e-01 1.502690e-01 5.862359e-03 1.362604e+00
7.926609e+03 2.588484e+02 1.593260e+03 6.208189e-01 4.804081e-01 1.289394e-01 -4.080675e-02 1.690291e+00
7.758234e+03 3.339754e+02 1.649873e+03 5.074204e-01 4.750160e-01 -1.079081e-01 3.884519e-02 1.808750e+00
7.430848e+03 3.208060e+02 7.868870e+02 4.644341e-01 5.005220e-01 -1.323833e-01 3.101477e-02 1.739984e+00
7.335953e+03 2.752084e+02 1.147766e+03 9.522084e-01 8.618415e-01 -1.201484e-01 -2.686974e-02 2.181299e+00
7.882742e+03 2.691693e+02 1.445390e+03 4.222222e-01 8.210166e-01 -1.302087e-01 -4.154707e-02 2.238189e+00
7.927700e+03 2.639375e+02 1.341096e+03 9.332727e-02 3.077569e-01 6.188350e-02 6.745146e-03 1.874271e+00
7.721965e+03 3.237408e+02 8.688717e+02 5.181050e-01 5.482292e-01 1.649017e-01 -3.679387e-02 1.686429e+00
7.812242e+03 3.100749e+02 1.430102e+03 3.150410e-01 4.250738e-01 -1.620422e-01 4.928955e-03 1.683152e+00
7.640670e+03 3.343699e+02 1.191847e+03 3.608053e-01 6.422316e-01 -9.947915e-02 3.390640e-03 2.093339e+00
7.661390e+03 3.148080e+02 8.828693e+02 3.587462e-01 8.493686e-01 7.517972e-02 2.548180e-02 2.371231e+00
7.847662e+03 3.377807e+02 1.508169e+03 8.532675e-01 3.654665e-01 1.148831e-01 -3.731493e-02 1.484122e+00
7.945181e+03 2.514001e+02 8.591814e+02 4.699419e-01 1.898642e-01 1.296458e-01 -8.688573e-03 1.374292e+00
7.760793e+03 2.647151e+02 1.647390e+03 6.918024e-01 1.472583e-01 -1.451793e-01 5.319644e-03 1.290034e+00
7.261198e+03 2.907091e+02 5.353496e+02 4.591504e-01 9.869797e-01 -3.756722e-02 -1.352524e-02 2.763600e+00
7.979328e+03 2.708693e+02 5.728470e+02 8.584780e-01 7.699540e-01 -6.117141e-02 -4.698890e-02 2.034229e+00
7.716736e+03 3.130453e+02 1.245787e+03 5.571852e-01 5.277192e-01 4.258544e-02 3.826238e-02 2.021638e+00
7.871903e+03 2.575330e+02 1.124683e+03 2.031267e-01 2.716314e-01 1.654723e-01 -4.874148e-02 1.355088e+00
7.990841e+03 3.423756e+02 1.139386e+03 3.241951e-01 4.826388e-01 1.565497e-01 2.904524e-02 1.714254e+00
7.289963e+03 3.134775e+02 7.202401e+02 3.495006e-01 5.734274e-01 -7.510981e-03 2.437864e-02 2.180813e+00
7.395958e+03 3.250785e+02 1.317173e+03 9.827244e-01 8.356774e-02 8.183475e-02 -3.084525e-02 1.039293e+00
7.898461e+03 3.161019e+02 5.488655e+02 9.842303e-01 9.235780e-01 -1.480617e-01 -3.124067e-02 2.041468e+00
7.473913e+03 3.249725e+02 1.681380e+03 3.428765e-01 6.106441e-01 -6.543673e-02 -3.353838e-02 2.312973e+00
7.972671e+03 2.991446e+02 5.943226e+02 8.969502e-01 9.785813e-01 -1.585185e-01 7.424688e-03 2.202517e+00
7.497487e+03 3.323181e+02 1.277726e+03 5.233547e-01 7.325042e-01 2.426387e-02 -1.633263e-03 2.615522e+00
7.952426e+03 2.686017e+02 6.986461e+02 7.824637e-01 3.670262e-01 -1.286742e-01 2.510014e-02 1.487031e+00
7.904161e+03 3.177825e+02 1.352119e+03 2.176503e-03 8.968568e-01 -6.913412e-02 -2.004552e-02 2.795964e+00
7.704697e+03 2.602150e+02 1.022679e+03 5.329894e-01 1.735899e-01 1.106141e-01 2.945712e-02 1.429983e+00
7.673139e+03 3.331562e+02 5.225923e+02 1.681736e-01 1.401653e-01 -1.013230e-01 4.210911e-02 1.513625e+00
7.813409e+03 2.622708e+02 7.182452e+02 1.357214e-01 1.957802e-02 3.986102e-02 -3.365945e-02 1.471121e+00
7.765306e+03 3.060883e+02 1.338647e+03 8.933818e-01 5.885219e-01 -6.302119e-02 -2.418475e-02 2.010349e+00
7.620507e+03 3.108753e+02 9.356682e+02 4.154544e-01 8.228143e-01 9.509283e-02 -3.062546e-02 2.312594e+00
7.435534e+03 2.560939e+02 5.566611e+02 2.889692e-01 2.792143e-01 1.702510e-02 1.090028e-02 1.908968e+00
7.280899e+03 3.361136e+02 1.263478e+03 5.544376e-01 6.355899e-02 1.200002e-01 -1.875741e-02 1.229453e+00
7.786730e+03 3.475049e+02 7.462440e+02 7.273219e-01 3.010731e-01 8.626152e-02 2.399212e-02 1.538509e+00
7.905295e+03 2.899671e+02 1.165989e+03 2.544253e-01 1.414625e-03 6.380267e-02 -2.453677e-02 1.415950e+00
7.386654e+03 2.568886e+02 1.121139e+03 4.628303e-01 9.475407e-01 5.731222e-02 4.244917e-02 2.581795e+00
7.447089e+03 2.962019e+02 9.747705e+02 8.237754e-01 8.242994e-01 -1.517968e-01 -8.469171e-03 2.094588e+00
7.568152e+03 2.728419e+02 1.326037e+03 5.161176e-01 6.276925e-01 1.303274e-01 -2.523950e-02 1.977729e+00
7.562932e+03 2.852727e+02 9.967697e+02 4.117142e-01 4.109212e-01 -1.080292e-02 1.061344e-02 2.115817e+00
7.995727e+03 2.800385e+02 1.556645e+03 9.358616e-01 5.863185e-01 6.939185e-02 -5.192136e-02 1.876582e+00
7.710496e+03 2.847615e+02 8.095856e+02 5.735685e-01 4.268686e-01 -1.514029e-01 3.302248e-02 1.599848e+00
7.709244e+03 3.116658e+02 7.965526e+02 4.832831e-01 2.345258e-01 9.345407e-02 -4.637479e-02 1.369361e+00
7.214979e+03 2.668226e+02 9.827217e+02 1.766176e-01 6.818000e-01 8.899126e-02 -3.688119e-03 2.227724e+00
7.727649e+03 2.500566e+02 1.371546e+03 4.783851e-01 7.269570e-01 1.154340e-01 -3.879300e-02 2.123243e+00
7.890041e+03 2.714825e+02 8.528948e+02 5.992648e-01 7.032357e-01 1.711081e-01 3.316085e-02 1.890616e+00
7.594862e+03 3.384964e+02 5.670808e+02 8.390049e-01 7.584163e-01 -5.382215e-02 3.886745e-02 2.025389e+00
7.518278e+03 3.429242e+02 8.113484e+02 6.964494e-01 6.199212e-01 2.553419e-02 2.222216e-02 2.119769e+00
7.692999e+03 3.451365e+02 5.561587e+02 6.471390e-01 2.998489e-01 -5.447490e-02 5.060969e-02 1.659339e+00
7.381166e+03 3.417159e+02 1.536370e+03 3.680457e-01 8.095465e-02 1.384936e-01 -2.304024e-02 1.263528e+00
7.684054e+03 3.115655e+02 6.720300e+02 4.945155e-01 5.444072e-01 4.774506e-02 -1.978073e-02 2.051311e+00
7.914929e+03 2.637534e+02 1.504424e+03 9.155868e-01 1.004978e-01 7.888502e-02 2.817223e-02 1.269603e+00
7.702750e+03 3.071215e+02 1.139818e+03 4.275189e-01 6.113282e-01 -7.600385e-02 -1.725115e-02 2.135416e+00
7.470208e+03 2.781824e+02 7.239886e+02 9.907493e-01 8.181195e-01 1.044875e-01 -1.569922e-02 1.997916e+00
7.258252e+03 3.104829e+02 1.026891e+03 4.313510e-01 6.374975e-01 1.161509e-01 1.103726e-02 2.008055e+00
7.655072e+03 2.744314e+02 1.193885e+03 1.914542e-01 5.970442e-01 -1.744584e-01 4.133324e-02 1.860379e+00
7.476290e+03 2.745350e+02 1.376907e+03 7.633025e-01 9.188695e-01 9.614792e-02 -1.363034e-03 2.485548e+00
7.740426e+03 2.585984e+02 6.978113e+02 6.347582e-01 3.104433e-01 5.097834e-02 -5.137610e-02 1.527597e+00
7.238452e+03 3.173961e+02 5.761852e+02 8.740728e-01 5.455092e-01 4.395436e-02 4.543149e-02 1.810423e+00
7.931446e+03 3.142067e+02 9.758687e+02 9.798055e-02 9.222513e-02 -1.452685e-01 6.342793e-03 1.337249e+00
7.350214e+03 3.198644e+02 9.033776e+02 4.459959e-01 7.728887e-02 4.693114e-02 8.735677e-03 1.543834e+00
7.583275e+03 2.862788e+02 1.527253e+03 4.931021e-02 3.745860e-01 -5.063435e-02 -1.029583e-02 2.092191e+00
7.872284e+03 3.291128e+02 1.639913e+03 2.367765e-01 2.430020e-01 -1.115725e-01 1.353708e-03 1.606261e+00
7.468834e+03 3.263171e+02 7.924515e+02 5.561571e-01 8.655020e-01 -2.068002e-02 -9.487726e-03 2.755766e+00
7.467868e+03 2.937551e+02 8.751759e+02 7.580824e-01 7.850155e-01 6.048009e-02 1.577209e-02 2.200850e+00
7.254095e+03 3.099212e+02 6.366603e+02 2.938978e-01 7.305548e-01 -6.700313e-02 -4.342093e-02 2.214735e+00
7.555324e+03 3.268959e+02 1.344317e+03 8.004701e-01 1.460138e-01 -3.970535e-02 -6.827988e-03 1.530957e+00
7.520223e+03 2.629798e+02 1.041424e+03 1.656696e-02 4.007341e-01 -1.658536e-02 6.830737e-03 2.208383e+00
7.846007e+03 3.456283e+02 1.546047e+03 2.112789e-01 2.143221e-01 -3.795364e-02 -2.157185e-02 1.889440e+00
7.268001e+03 3.463628e+02 1.693669e+03 8.909667e-01 8.694492e-01 1.563366e-01 3.025460e-02 2.180421e+00
7.265227e+03 2.692227e+02 1.174667e+03 2.273332e-01 8.000854e-01 -8.602556e-02 -3.788226e-02 2.422490e+00
7.585378e+03 3.131085e+02 1.548246e+03 9.095829e-01 4.142477e-01 1.601582e-01 -8.305843e-03 1.509329e+00
7.344942e+03 3.188949e+02 9.811974e+02 5.449223e-01 9.155849e-01 -6.489536e-02 -3.800452e-03 2.601251e+00
7.578703e+03 3.095786e+02 1.500839e+03 9.259027e-02 7.498133e-01 6.626319e-02 -2.142812e-02 2.602822e+00
7.246157e+03 2.804404e+02 5.147845e+02 1.055753e-01 4.678759e-01 -1.732251e-01 1.255200e-03 1.688054e+00
7.635435e+03 2.849112e+02 1.279016e+03 2.057785e-01 8.414887e-01 -4.333817e-02 -2.559043e-02 2.854486e+00
7.504414e+03 3.090434e+02 1.167583e+03 9.268974e-01 9.434701e-01 6.326821e-03 -4.512468e-02 2.616235e+00
7.883244e+03 3.393572e+02 8.293675e+02 8.166937e-01 3.599562e-01 6.532066e-02 -4.743800e-02 1.512736e+00
7.630298e+03 3.205506e+02 1.512067e+03 7.769609e-01 9.872280e-01 5.885348e-03 3.773582e-02 2.701761e+00
7.873920e+03 2.733724e+02 8.495732e+02 5.431865e-01 2.287119e-01 1.042456e-01 -5.209228e-02 1.304383e+00
7.522925e+03 2.986316e+02 1.097559e+03 1.071267e-02 7.167554e-01 1.235461e-02 -5.367923e-03 2.829215e+00
7.759012e+03 3.051734e+02 1.173444e+03 1.580927e-01 6.517393e-01 -1.099253e-01 -2.731560e-02 2.121532e+00
7.294592e+03 3.401898e+02 7.654324e+02 6.025798e-01 4.719670e-01 -1.207618e-01 -3.559715e-02 1.640987e+00
7.650947e+03 2.594955e+02 1.521185e+03 5.220240e-01 5.154073e-01 9.865602e-02 1.553086e-03 1.928806e+00
7.636625e+03 3.426295e+02 1.253210e+03 5.191024e-01 1.450780e-01 1.349507e-01 -3.107585e-02 1.262588e+00
7.807039e+03 3.340701e+02 1.098905e+03 8.114512e-02 5.705654e-01 1.443824e-01 5.123002e-02 1.874609e+00
7.913500e+03 2.869915e+02 1.453450e+03 5.280513e-01 5.299764e-01 -6.838685e-02 2.250248e-02 1.991845e+00
7.218958e+03 2.730997e+02 1.421474e+03 8.942089e-01 3.379237e-01 1.149263e-02 1.905871e-02 1.821298e+00
7.810843e+03 2.676906e+02 6.427502e+02 6.466888e-01 5.811649e-01 1.635240e-01 -2.200815e-02 1.719695e+00
7.406008e+03 3.266006e+02 1.069506e+03 2.946985e-01 7.523784e-01 -1.076790e-01 -4.592589e-02 2.162975e+00
7.985081e+03 2.938836e+02 1.403046e+03 2.471408e-01 1.622712e-01 -1.400324e-01 9.683117e-03 1.415934e+00
7.243578e+03 2.586108e+02 8.024869e+02 3.516716e-01 7.170642e-01 1.254570e-01 2.525058e-02 2.062417e+00
7.203262e+03 2.829486e+02 1.303342e+03 7.712306e-01 8.631372e-01 -4.324322e-02 7.228957e-03 2.594536e+00
7.644707e+03 3.238562e+02 1.388824e+03 6.674311e-01 2.648240e-01 -1.370356e-02 -1.994456e-02 1.917796e+00
7.498713e+03 3.446823e+02 9.351210e+02 8.212007e-01 5.750111e-01 8.719307e-02 -2.328843e-02 1.863607e+00
7.338576e+03 3.200119e+02 9.485418e+02 9.501846e-01 7.656442e-01 -1.042020e-01 -3.594213e-02 1.990517e+00
7.324459e+03 2.685791e+02 8.256665e+02 4.347712e-01 6.596745e-01 6.719448e-02 5.030483e-02 2.070264e+00
7.998130e+03 2.989211e+02 1.561079e+03 3.356421e-02 4.388018e-01 -1.100722e-01 -4.597763e-02 1.779258e+00
7.603166e+03 2.984895e+02 5.772237e+02 9.646248e-01 1.290711e-01 1.238787e-01 4.943702e-02 1.117039e+00
7.888164e+03 2.796477e+02 1.406303e+03 7.366145e-01 5.623477e-01 -1.496629e-01 -3.642600e-02 1.730978e+00
7.266963e+03 3.050391e+02 1.543051e+03 5.137796e-01 6.767453e-01 4.188143e-02 5.147995e-02 2.234032e+00
7.237043e+03 2.886374e+02 8.321802e+02 3.850776e-01 1.741331e-02 -1.151988e-01 -3.631586e-02 1.127389e+00
7.506430e+03 2.507862e+02 1.483721e+03 6.428416e-01 4.134843e-01 7.701073e-02 -2.756753e-02 1.835202e+00
7.649280e+03 2.641189e+02 1.384405e+03 6.194121e-01 1.133353e-01 -3.466746e-02 8.413026e-03 1.604426e+00
7.753561e+03 3.228497e+02 1.196767e+03 9.115068e-01 6.140639e-01 3.945233e-02 5.021935e-02 1.923337e+00
7.483658e+03 3.457228e+02 5.832250e+02 6.250321e-01 8.464960e-01 1.474359e-01 -1.008063e-03 2.140311e+00
7.401291e+03 3.186272e+02 1.297247e+03 7.053990e-01 3.688902e-01 1.070430e-01 -4.304625e-02 1.546670e+00
7.493225e+03 2.509574e+02 7.294218e+02 1.787775e-01 4.286302e-01 -6.984374e-02 4.918264e-02 1.854922e+00
7.443329e+03 2.625708e+02 1.145156e+03 3.137770e-01 8.804574e-02 -1.306334e-01 -3.469299e-02 1.230975e+00
7.357092e+03 2.535814e+02 8.071091e+02 5.618811e-01 1.916564e-01 9.272111e-02 -3.888912e-03 1.456558e+00
7.623286e+03 3.267903e+02 5.471992e+02 3.170997e-02 7.835253e-01 1.533438e-01 -8.585569e-03 2.155662e+00
7.837257e+03 3.281069e+02 7.023179e+02 3.895898e-01 2.691755e-01 -4.235617e-02 -2.244876e-02 1.755909e+00
7.200841e+03 2.761734e+02 1.304500e+03 2.382725e-01 2.474255e-01 -1.528719e-01 -3.924626e-02 1.393550e+00
7.512754e+03 2.942648e+02 9.882715e+02 8.358819e-01 9.631305e-01 -5.849298e-02 3.380238e-02 2.434293e+00
7.477190e+03 3.035668e+02 1.696133e+03 9.293902e-01 7.929529e-01 5.876976e-02 3.061645e-02 2.272139e+00
7.370193e+03 3.288725e+02 1.106954e+03 9.729234e-01 5.379527e-01 -4.161877e-02 2.690774e-02 1.824297e+00
7.490694e+03 2.944806e+02 1.370783e+03 9.312855e-01 6.947718e-02 1.610511e-01 -3.617340e-02 9.117924e-01
7.989338e+03 2.777482e+02 1.306633e+03 9.979150e-01 1.936396e-01 7.373243e-02 -2.843254e-02 1.184965e+00
7.213708e+03 3.487909e+02 9.788565e+02 1.495093e-01 2.021560e-01 -1.002910e-01 -4.522992e-02 1.442273e+00
7.262060e+03 3.214181e+02 6.703514e+02 1.597980e-01 1.167962e-01 -2.981171e-02 -3.529549e-02 1.601806e+00
7.344094e+03 2.555430e+02 1.458444e+03 6.354319e-02 6.732269e-02 -1.425743e-01 4.832618e-04 1.344100e+00
7.525471e+03 2.809855e+02 6.472289e+02 3.341127e-01 3.284184e-01 -4.684422e-02 -1.053117e-02 1.828532e+00
7.220079e+03 3.068476e+02 1.698342e+03 9.398548e-01 1.757857e-01 -1.392808e-01 -4.371409e-02 1.095115e+00
7.637845e+03 3.407795e+02 1.610014e+03 1.553015e-01 1.094000e-01 1.632536e-01 1.114313e-02 1.334107e+00
7.265973e+03 2.896861e+02 5.885599e+02 3.762069e-01 4.919600e-01 4.046990e-02 -3.654005e-02 1.988109e+00
7.717788e+03 3.180707e+02 9.977472e+02 5.662742e-01 4.211854e-03 1.457882e-01 4.931027e-02 1.173699e+00
7.992537e+03 2.887389e+02 1.385753e+03 9.410331e-01 2.568540e-01 1.120925e-01 -2.650739e-02 1.298746e+00
7.204576e+03 2.934847e+02 6.552137e+02 3.015136e-01 4.768349e-01 8.678596e-02 -2.549058e-02 1.854331e+00
7.996098e+03 2.525821e+02 9.146751e+02 7.692169e-02 3.347707e-01 4.588998e-02 -1.281133e-02 1.942216e+00
7.832615e+03 3.011993e+02 1.443225e+03 2.701435e-01 9.087606e-01 1.450660e-01 2.428639e-03 2.467419e+00
7.437369e+03 2.631802e+02 6.787997e+02 2.684327e-02 3.222865e-01 -1.262009e-01 -1.808564e-02 1.614096e+00
7.547405e+03 3.321496e+02 1.417267e+03 6.566742e-02 1.805877e-01 -4.197168e-02 -3.763038e-02 1.776525e+00
7.945961e+03 2.672114e+02 7.818439e+02 4.968045e-01 4.513733e-01 2.111477e-02 -1.423054e-02 2.092786e+00
7.500270e+03 2.623523e+02 1.015286e+03 8.177449e-01 2.849314e-01 -3.182058e-02 5.205827e-03 1.703198e+00
7.671070e+03 3.032760e+02 1.221384e+03 4.824347e-01 3.996755e-01 1.367506e-01 -4.925423e-02 1.531876e+00
7.662974e+03 2.833205e+02 5.156903e+02 3.093044e-01 7.792585e-01 1.091410e-01 -3.491688e-02 2.109856e+00
7.967480e+03 2.770819e+02 7.731026e+02 7.263114e-01 3.139128e-01 -3.527179e-02 -1.388383e-02 1.725360e+00
7.789268e+03 2.893831e+02 1.102912e+03 1.324244e-01 6.222239e-01 -7.214507e-02 1.363314e-02 2.175751e+00
7.554564e+03 2.640542e+02 1.588909e+03 2.845513e-01 5.391783e-01 -1.291454e-01 -2.879572e-03 1.935789e+00
7.903231e+03 3.036315e+02 1.337217e+03 2.571956e-01 8.742681e-01 -1.358092e-01 1.453819e-02 2.379769e+00
7.616809e+03 3.357398e+02 8.225412e+02 5.403015e-01 3.764146e-01 -8.080068e-02 -2.588722e-02 1.700523e+00
7.885212e+03 2.898450e+02 1.486841e+03 4.332897e-01 6.067611e-01 -4.716077e-03 3.819059e-02 2.204400e+00
7.383519e+03 3.396303e+02 8.647799e+02 3.036902e-01 5.821968e-01 -1.168629e-01 4.151252e-02 1.896706e+00
7.800399e+03 2.584149e+02 1.408161e+03 2.236817e-01 6.246936e-01 -7.898622e-02 -3.327351e-03 2.222464e+00
7.660133e+03 2.723651e+02 9.948762e+02 6.971659e-02 2.602491e-01 -1.287617e-02 -1.980732e-02 2.061312e+00
7.519817e+03 2.822139e+02 6.103215e+02 3.537127e-01 1.260325e-01 -1.177141e-01 2.967951e-02 1.410975e+00
7.474502e+03 2.961136e+02 1.428096e+03 7.253330e-02 3.411387e-01 1.326261e-01 2.160558e-02 1.673508e+00
7.242403e+03 2.572334e+02 6.156079e+02 4.572225e-01 9.971570e-01 4.842550e-02 2.667638e-02 2.613527e+00
7.977955e+03 2.528738e+02 1.192462e+03 4.796293e-02 3.549270e-01 -1.736438e-01 3.114183e-02 1.588406e+00
7.576711e+03 3.337047e+02 1.389877e+03 9.767300e-01 4.061229e-01 1.000582e-01 4.432174e-02 1.521136e+00
7.843559e+03 3.336802e+02 1.201567e+03 9.377477e-01 4.053930e-01 -9.008430e-02 -3.910456e-02 1.508621e+00
7.454172e+03 3.326078e+02 1.151494e+03 5.062146e-01 2.456683e-01 -1.475751e-01 1.498176e-02 1.435632e+00
7.590819e+03 3.354658e+02 1.562358e+03 7.442768e-01 4.113116e-01 1.251202e-01 2.112728e-02 1.642501e+00
7.918415e+03 3.124687e+02 8.854137e+02 9.387918e-01 6.072343e-01 -6.741593e-02 2.874510e-02 1.812451e+00
7.954789e+03 3.260846e+02 1.570257e+03 1.247199e-01 5.647437e-01 3.660529e-02 1.396116e-02 2.323136e+00
7.801103e+03 2.918613e+02 1.450782e+03 2.171555e-01 6.160219e-01 1.641692e-01 2.839334e-02 1.929224e+00
7.341808e+03 3.204458e+02 7.610775e+02 5.602953e-02 4.196549e-02 1.517545e-01 2.487311e-02 1.293452e+00
7.825895e+03 2.635624e+02 1.101623e+03 8.737576e-01 2.419865e-01 -3.820575e-02 5.053838e-02 1.538822e+00
7.302263e+03 2.638290e+02 7.474982e+02 1.882897e-01 2.052828e-01 -1.089641e-01 4.612296e-02 1.538424e+00
7.397709e+03 2.506988e+02 1.239239e+03 1.896050e-01 3.840020e-01 -1.534818e-01 -3.420831e-02 1.601834e+00
7.247256e+03 2.909748e+02 1.658725e+03 9.550637e-02 3.167052e-01 -1.197973e-01 4.563335e-02 1.680931e+00
7.671300e+03 3.005212e+02 1.369629e+03 4.067595e-02 2.247078e-01 -3.574220e-02 3.546558e-02 1.865245e+00
7.228624e+03 2.930498e+02 1.659678e+03 4.011808e-01 8.299546e-02 -2.768357e-02 -2.491183e-02 1.727229e+00
7.321875e+03 3.367691e+02 1.203972e+03 9.516195e-01 6.911685e-01 1.716373e-01 -2.377735e-02 1.842782e+00
7.549398e+03 3.299960e+02 1.667134e+03 3.455495e-01 4.528450e-01 1.213339e-02 2.145784e-02 2.206668e+00
7.430226e+03 3.298626e+02 9.027488e+02 7.676348e-01 4.929831e-01 -1.656092e-01 1.770333e-02 1.613102e+00
7.210330e+03 3.484397e+02 1.254847e+03 3.847262e-01 7.870663e-01 7.828270e-02 3.418429e-02 2.343397e+00
7.384227e+03 2.603910e+02 1.667689e+03 1.104359e-01 5.925608e-01 1.607605e-01 -1.798560e-02 1.995556e+00
7.450765e+03 3.364114e+02 9.283813e+02 8.015397e-01 8.393507e-01 5.085135e-02 -4.586110e-02 2.365680e+00
7.439387e+03 3.196929e+02 1.690105e+03 7.720242e-01 6.889817e-01 -5.964818e-02 4.318777e-02 2.166887e+00
7.726391e+03 3.454425e+02 7.711517e+02 5.964931e-02 4.467148e-01 6.513384e-02 3.678058e-02 1.922165e+00
7.763965e+03 2.749413e+02 9.252255e+02 7.403465e-01 5.771986e-01 5.019006e-02 -3.209363e-02 2.017718e+00
7.806260e+03 3.194069e+02 7.141659e+02 5.836387e-01 9.666705e-01 -7.017935e-02 3.526285e-02 2.435217e+00
7.984641e+03 2.767554e+02 5.710371e+02 2.488553e-01 3.384477e-02 -4.383995e-02 5.205857e-02 1.598814e+00
7.499767e+03 3.410149e+02 1.491773e+03 6.807211e-01 2.069733e-01 7.310070e-02 3.410321e-02 1.553953e+00
7.698692e+03 2.780292e+02 7.912359e+02 9.223399e-01 8.267609e-01 -1.320524e-01 -1.839718e-02 2.036050e+00
7.771486e+03 2.906027e+02 1.364677e+03 5.425858e-01 9.543568e-01 1.339141e-01 4.506715e-02 2.388309e+00
7.397489e+03 3.347152e+02 8.719293e+02 9.832679e-01 8.074011e-01 -3.345385e-02 3.556699e-02 2.123895e+00
7.999135e+03 2.765353e+02 1.100283e+03 8.364910e-01 2.818730e-01 -1.397301e-01 -2.614166e-03 1.364425e+00
7.306382e+03 2.504415e+02 1.518059e+03 7.125309e-01 9.343366e-01 -1.591905e-01 -1.234132e-02 2.405662e+00
7.964770e+03 2.860208e+02 6.002958e+02 1.569176e-01 3.050160e-01 5.044331e-02 -5.704516e-03 1.809258e+00
7.622363e+03 3.280189e+02 1.614189e+03 7.043089e-02 5.690913e-01 -1.521831e-01 1.275930e-02 1.957937e+00
7.303146e+03 3.163321e+02 1.642305e+03 1.410616e-01 6.346330e-01 -1.074444e-01 2.754245e-02 2.142573e+00
7.940642e+03 3.078422e+02 5.432608e+02 1.064761e-01 4.896245e-01 6.999301e-02 -4.389631e-03 1.940064e+00
7.745802e+03 3.164974e+02 1.564601e+03 3.571301e-01 5.605889e-01 1.144427e-01 -2.988491e-02 1.967456e+00
7.589212e+03 3.021473e+02 1.378221e+03 3.372292e-01 4.315942e-02 -1.546897e-01 4.798269e-02 1.255735e+00
7.631665e+03 2.811124e+02 1.006045e+03 6.738075e-01 9.510889e-01 8.808086e-02 -5.022357e-03 2.497822e+00
7.232664e+03 3.213446e+02 5.007050e+02 8.617079e-01 6.648392e-01 -1.429941e-01 3.555638e-03 1.790193e+00
7.605852e+03 2.858282e+02 1.623379e+03 4.034515e-01 2.468295e-01 1.087412e-01 3.711081e-02 1.574094e+00
7.561313e+03 2.931222e+02 6.867939e+02 1.739164e-01 3.573768e-01 -9.694240e-02 -3.093566e-02 1.661655e+00
7.770060e+03 3.138026e+02 7.448762e+02 8.982250e-01 3.104988e-02 3.684811e-02 -4.683362e-02 1.014425e+00
7.398772e+03 3.461936e+02 1.470442e+03 2.733644e-01 8.438099e-01 -5.103220e-02 3.744209e-02 2.596980e+00
7.258653e+03 3.297143e+02 5.019906e+02 9.334471e-01 6.636846e-01 -2.447551e-02 -1.368246e-02 2.076419e+00
7.967062e+03 2.696569e+02 1.513841e+03 3.692660e-01 8.530499e-01 3.580952e-03 -3.476807e-02 2.915231e+00
7.855694e+03 3.168855e+02 1.250977e+03 4.401865e-01 8.148609e-01 1.275174e-01 3.131601e-03 2.271861e+00
7.676792e+03 3.094732e+02 1.112098e+03 1.398530e-01 4.430812e-01 9.773782e-02 4.894995e-02 1.821857e+00
7.492001e+03 3.351335e+02 1.597979e+03 2.192633e-01 3.406308e-01 -1.600855e-01 2.225059e-03 1.615493e+00
7.993497e+03 3.314716e+02 1.528925e+03 7.919325e-01 2.292204e-01 -1.606540e-01 -2.506688e-02 1.257612e+00
7.275227e+03 2.747543e+02 6.406433e+02 8.717110e-01 4.037923e-02 8.056789e-02 2.068203e-02 1.174040e+00
7.217695e+03 3.197516e+02 7.358734e+02 2.241727e-02 5.128875e-01 1.077912e-01 -4.675510e-02 1.804881e+00
7.272756e+03 2.801931e+02 8.939525e+02 3.931249e-01 5.057868e-01 -1.171881e-02 4.522237e-02 1.989728e+00
7.202243e+03 3.264470e+02 8.074877e+02 4.088258e-01 3.441104e-01 -1.390577e-01 -1.257937e-02 1.548688e+00
7.885802e+03 3.183558e+02 8.305236e+02 4.416997e-01 6.605612e-01 -1.730176e-01 4.173701e-02 1.862434e+00
7.321136e+03 2.970510e+02 1.692231e+03 8.325941e-01 7.274544e-01 -1.743866e-02 7.816405e-03 2.583424e+00
7.225995e+03 3.303670e+02 1.315277e+03 2.250396e-01 2.422976e-01 1.669584e-01 -4.416327e-02 1.342916e+00
7.534071e+03 3.285831e+02 1.515924e+03 1.972347e-01 6.453041e-01 -1.273641e-01 -3.447353e-02 2.070828e+00
7.814806e+03 2.863033e+02 7.250011e+02 8.483138e-01 7.753344e-01 -3.444919e-02 -4.067078e-02 2.227581e+00
7.971047e+03 2.636530e+02 1.402249e+03 8.752222e-01 8.781435e-01 -1.028735e-01 -5.033110e-02 2.229026e+00
7.856301e+03 3.203944e+02 1.206352e+03 6.272165e-01 7.056985e-01 8.291011e-02 -2.109597e-03 2.167597e+00
7.408132e+03 3.436813e+02 1.446450e+03 2.966133e-01 7.995360e-01 2.781543e-02 -1.751589e-02 2.935715e+00
7.906099e+03 3.012346e+02 1.541233e+03 1.363130e-01 1.812019e-01 -3.215763e-03 -1.694257e-02 2.021352e+00
7.911469e+03 3.486940e+02 1.067386e+03 1.935815e-01 3.301684e-01 -4.500820e-02 -2.055010e-02 1.943817e+00
7.263595e+03 2.956311e+02 1.289443e+03 5.693707e-01 4.580034e-01 -1.607333e-02 -1.193259e-02 2.296220e+00
7.307709e+03 3.075637e+02 9.933345e+02 8.957170e-01 8.347949e-01 -4.783465e-02 4.531243e-02 2.218580e+00
7.312025e+03 3.014251e+02 1.629344e+03 5.082023e-01 9.005105e-01 1.538758e-01 4.357315e-02 2.331885e+00
7.829592e+03 2.834141e+02 9.813324e+02 5.815499e-01 5.144680e-01 9.164040e-02 -5.090655e-02 1.745496e+00
7.936456e+03 3.241270e+02 1.334930e+03 6.154198e-01 8.836861e-01 -5.242893e-02 -3.277184e-02 2.673271e+00
7.825587e+03 3.449578e+02 1.583617e+03 3.596754e-01 5.628817e-02 -7.997217e-02 3.586645e-02 1.467136e+00
7.410984e+03 3.400861e+02 8.407098e+02 5.727215e-01 3.580343e-01 9.199706e-02 -3.038089e-02 1.613538e+00
7.417694e+03 2.880210e+02 1.262120e+03 1.542762e-01 7.188127e-01 1.393829e-01 -3.805082e-02 2.109494e+00
7.314201e+03 2.794545e+02 8.894980e+02 7.943600e-01 7.845096e-01 -1.635097e-01 -2.713722e-02 2.014140e+00
7.757081e+03 2.854750e+02 1.330821e+03 4.235399e-01 1.598406e-01 -6.660809e-02 2.286339e-02 1.587786e+00
7.347307e+03 2.914338e+02 1.635040e+03 1.906730e-01 4.863311e-01 1.311556e-01 7.139062e-03 1.891730e+00
7.683532e+03 3.085697e+02 6.074129e+02 9.572587e-01 5.806604e-01 -1.236045e-01 -1.741225e-02 1.636418e+00
7.508078e+03 2.743086e+02 6.375460e+02 5.254524e-01 5.568674e-02 -1.023187e-02 -2.879460e-02 1.481413e+00
7.798324e+03 2.982434e+02 1.082114e+03 4.615025e-01 9.354111e-01 1.137299e-01 -7.178584e-03 2.483108e+00
7.219271e+03 3.212219e+02 1.628304e+03 7.564893e-01 1.110291e-01 -1.359625e-02 3.573207e-02 1.553087e+00
7.518820e+03 3.170389e+02 1.550143e+03 3.227704e-01 2.896794e-01 -5.039178e-02 2.795736e-02 1.837551e+00
7.275032e+03 2.791584e+02 6.707378e+02 3.435703e-01 9.024092e-01 -1.661581e-01 5.113243e-02 2.231968e+00
7.438243e+03 2.878650e+02 1.011643e+03 9.808554e-01 3.297267e-01 -9.022028e-03 1.457128e-03 1.689503e+00
7.875477e+03 2.782569e+02 1.090910e+03 1.037563e-01 7.778244e-01 1.409290e-01 4.419300e-02 2.165461e+00
7.571974e+03 2.674849e+02 1.653859e+03 6.326270e-01 6.962973e-01 1.938070e-02 -3.400458e-02 2.595450e+00
7.728367e+03 2.922718e+02 1.595413e+03 6.295520e-01 7.841662e-02 -1.422443e-01 -4.358020e-02 1.080511e+00
7.438945e+03 2.929058e+02 9.669777e+02 3.503340e-01 6.879998e-01 6.667513e-02 -9.161953e-03 2.277904e+00
7.655858e+03 3.319569e+02 1.129124e+03 3.163989e-01 6.728566e-01 -2.960044e-02 4.904567e-02 2.218102e+00
7.962812e+03 3.405683e+02 1.589934e+03 3.740057e-01 8.826343e-01 2.799309e-02 -2.239576e-02 3.064001e+00
7.251079e+03 2.608757e+02 7.531350e+02 2.654372e-01 6.488827e-01 -8.861944e-02 -4.260040e-02 2.034710e+00
7.432994e+03 3.497840e+02 5.280475e+02 2.975152e-01 4.783968e-01 3.463874e-03 9.425706e-03 2.159481e+00
7.917607e+03 2.902326e+02 8.393832e+02 4.751803e-01 1.671859e-02 -5.595186e-03 4.726989e-02 1.537568e+00
7.382161e+03 2.830528e+02 9.599527e+02 1.870246e-01 5.465752e-01 -8.255780e-02 4.711254e-02 1.964972e+00
7.311156e+03 2.553998e+02 9.705989e+02 7.205108e-01 7.712915e-01 -1.537904e-02 2.543495e-02 2.361104e+00
7.531370e+03 3.073041e+02 6.744922e+02 2.403317e-01 1.781943e-01 1.228169e-01 -3.540135e-02 1.330029e+00
7.365128e+03 3.466260e+02 7.088845e+02 5.685646e-01 2.136367e-01 1.168326e-01 1.854436e-02 1.421120e+00
7.876800e+03 3.113261e+02 9.838456e+02 6.459413e-01 2.191745e-01 6.119386e-02 1.024109e-02 1.575410e+00
7.372829e+03 2.688086e+02 8.601900e+02 1.535923e-01 1.776948e-01 -1.680360e-01 -1.773896e-02 1.332749e+00
7.217246e+03 3.189573e+02 1.033197e+03 6.945612e-01 5.840928e-02 1.271063e-01 -3.693821e-02 1.058037e+00
7.868421e+03 3.184071e+02 1.085919e+03 4.172074e-02 9.385478e-01 -1.235323e-01 1.586722e-02 2.510628e+00
7.610414e+03 2.867971e+02 1.210768e+03 8.149763e-01 7.198155e-01 -9.166731e-02 1.246100e-02 2.073730e+00
7.318261e+03 2.881856e+02 1.362647e+03 6.821117e-01 9.987419e-01 4.189509e-02 -6.475380e-03 2.990773e+00
7.333608e+03 2.701001e+02 1.583252e+03 9.663465e-02 8.093753e-01 -1.006206e-01 -1.734090e-02 2.548921e+00
7.729094e+03 3.222027e+02 1.029384e+03 4.493950e-01 5.853471e-01 -1.195113e-01 5.046619e-02 1.867323e+00
7.363054e+03 2.740231e+02 1.088937e+03 4.075185e-01 3.154319e-01 -1.648348e-01 -4.748974e-02 1.389791e+00
7.694650e+03 2.864437e+02 1.395252e+03 7.889028e-01 2.277479e-01 -1.623740e-01 4.586184e-03 1.298469e+00
7.981054e+03 3.038448e+02 1.095834e+03 7.874525e-01 9.034154e-01 -1.318445e-01 -1.767788e-03 2.257459e+00
7.240836e+03 2.803324e+02 1.119664e+03 8.994758e-02 1.941051e-01 1.057035e-01 1.222635e-02 1.575945e+00
7.630821e+03 2.596537e+02 6.055218e+02 5.947984e-01 8.456647e-01 1.586473e-01 1.716750e-02 2.104523e+00
7.471822e+03 2.558088e+02 6.042741e+02 4.709835e-01 2.949872e-01 -1.688862e-01 -2.068386e-02 1.385163e+00
7.571184e+03 3.158395e+02 1.442511e+03 5.599075e-01 9.807184e-01 -1.349179e-01 1.166110e-02 2.538415e+00
7.860099e+03 2.806371e+02 5.980814e+02 7.490651e-02 5.016400e-01 7.474706e-02 -2.370752e-02 1.960003e+00
7.517496e+03 3.074345e+02 1.218698e+03 2.639154e-01 3.231866e-01 -1.717802e-01 -6.059858e-03 1.528254e+00
7.879771e+03 2.670926e+02 9.856070e+02 5.020855e-01 4.953347e-01 -1.473202e-02 1.928818e-02 2.102976e+00
7.564070e+03 2.980574e+02 1.498012e+03 1.590752e-02 2.726608e-01 1.620340e-01 -4.093089e-02 1.446305e+00
7.755764e+03 2.642047e+02 5.780474e+02 2.077697e-01 6.473141e-01 -8.374645e-02 -2.709216e-02 2.067186e+00
7.688588e+03 2.592866e+02 1.456619e+03 9.025334e-01 9.946832e-01 -1.335942e-01 2.479141e-02 2.372339e+00
7.634686e+03 2.738104e+02 1.162749e+03 1.198455e-01 5.112416e-01 3.324813e-02 1.954362e-02 2.200659e+00
7.385438e+03 3.252054e+02 5.935048e+02 1.799050e-01 5.943408e-01 1.644129e-02 2.549300e-03 2.349989e+00
7.677553e+03 2.524551e+02 1.592995e+03 8.386890e-01 4.625673e-01 7.428222e-02 -1.759354e-02 1.859307e+00
7.559100e+03 2.760544e+02 1.012906e+03 2.300571e-01 3.966353e-01 -4.833474e-02 -1.164832e-02 2.002822e+00
7.329956e+03 2.825146e+02 9.095510e+02 9.424656e-01 4.223919e-01 8.362076e-02 -2.448505e-02 1.572815e+00
7.664261e+03 2.707868e+02 1.383401e+03 8.297007e-01 2.391393e-01 -9.235810e-02 4.739921e-02 1.456098e+00
7.297264e+03 2.610831e+02 7.747213e+02 3.354892e-01 3.554722e-01 -1.582484e-01 -3.502753e-02 1.476379e+00
7.367940e+03 3.055025e+02 1.241999e+03 5.056254e-03 6.257566e-01 1.359284e-01 3.614665e-02 2.020568e+00
7.400370e+03 3.418392e+02 6.490894e+02 9.897677e-01 3.722323e-01 1.740629e-02 -1.698596e-02 1.630110e+00
7.878670e+03 2.843424e+02 1.133086e+03 4.263194e-01 7.604569e-01 -2.795539e-02 2.647769e-02 2.453454e+00
7.361578e+03 2.768404e+02 6.213763e+02 5.973946e-01 8.400135e-01 3.490794e-02 -3.264395e-02 2.502848e+00
7.986776e+03 3.227692e+02 9.166752e+02 6.085921e-01 9.774432e-01 6.403633e-02 2.607214e-02 2.522632e+00
7.206056e+03 3.156144e+02 5.497967e+02 1.813518e-01 4.707313e-01 6.303828e-02 1.175564e-02 1.934804e+00
7.211969e+03 3.017548e+02 9.129535e+02 2.865023e-01 4.488316e-01 1.001894e-01 -1.064061e-02 1.824817e+00
7.824670e+03 2.977324e+02 8.229781e+02 7.702635e-01 2.572965e-01 3.910347e-02 2.924246e-02 1.619057e+00
7.836346e+03 3.432862e+02 1.168505e+03 1.616655e-01 7.456377e-01 -1.550888e-01 -1.216428e-02 2.157791e+00
7.484776e+03 3.275210e+02 7.163857e+02 9.443094e-01 1.953281e-01 -5.188825e-02 -9.693835e-03 1.320451e+00
7.583035e+03 3.244818e+02 1.094729e+03 1.292407e-01 1.043921e-01 2.357728e-02 6.419839e-03 1.798113e+00
7.778214e+03 2.543121e+02 1.274660e+03 3.294915e-01 5.557555e-01 -3.031871e-02 -2.428059e-02 2.395080e+00
7.933345e+03 2.600282e+02 9.266692e+02 2.900127e-01 5.044063e-02 -1.338602e-01 -4.921055e-02 1.089173e+00
7.596265e+03 2.949000e+02 1.156431e+03 1.116708e-02 3.936141e-01 -5.283685e-02 -2.624373e-03 2.043198e+00
7.424744e+03 3.495759e+02 1.654920e+03 7.193195e-01 6.289432e-01 4.865552e-02 8.134216e-03 2.263001e+00
7.861834e+03 3.295951e+02 8.046414e+02 1.221506e-01 4.558260e-01 1.465199e-01 1.549199e-02 1.722099e+00
7.706157e+03 3.112864e+02 1.366386e+03 1.966145e-01 1.384148e-01 -9.267101e-02 -5.060312e-02 1.362742e+00
7.901699e+03 2.667882e+02 9.552857e+02 2.587327e-01 7.478569e-01 -1.387189e-01 -9.285777e-03 2.124891e+00
7.597535e+03 2.699438e+02 1.574152e+03 1.754206e-01 8.709100e-01 4.454429e-02 -5.153457e-02 2.814534e+00
7.973093e+03 2.569416e+02 1.575716e+03 4.104224e-01 7.259263e-02 1.470424e-01 1.420189e-02 1.272665e+00
7.230422e+03 3.328164e+02 1.685004e+03 4.569968e-01 9.491000e-01 -9.550768e-03 -5.827617e-03 3.435085e+00
7.914382e+03 2.665214e+02 7.575820e+02 2.357084e-01 3.972599e-01 -1.053198e-01 -1.648164e-02 1.718404e+00
7.205536e+03 3.450401e+02 8.136609e+02 1.067738e-03 6.137205e-01 -3.237556e-02 -4.193523e-04 2.420575e+00
7.723120e+03 3.317108e+02 1.313585e+03 6.567353e-01 9.192868e-01 1.284380e-01 -7.351877e-03 2.410091e+00
7.607721e+03 3.007376e+02 8.169311e+02 9.245848e-01 7.212847e-01 4.612762e-02 1.349221e-02 2.057641e+00
7.522114e+03 3.195709e+02 1.223249e+03 9.744265e-01 2.722308e-02 4.339632e-02 2.003960e-02 1.167429e+00
7.752003e+03 3.276025e+02 6.439481e+02 7.094314e-01 9.681769e-01 -5.603806e-02 4.043675e-02 2.390510e+00
7.237816e+03 3.122987e+02 1.189847e+03 6.112669e-01 7.682013e-01 -5.711895e-02 3.650322e-02 2.290629e+00
7.581844e+03 3.103655e+02 1.318600e+03 6.016425e-01 1.607476e-01 -1.492464e-01 2.655313e-02 1.311243e+00
7.792992e+03 3.338203e+02 5.856403e+02 5.742529e-01 4.988587e-01 -1.252839e-01 2.723774e-02 1.698900e+00
7.410074e+03 3.329236e+02 1.400725e+03 1.443585e-01 7.118640e-01 1.326881e-01 3.568987e-04 2.212725e+00
7.353239e+03 3.234147e+02 1.117143e+03 8.244665e-01 1.616397e-01 -1.444535e-01 2.041379e-02 1.230342e+00
7.935901e+03 2.954123e+02 7.830193e+02 7.176083e-01 9.860196e-04 1.668379e-01 -3.973570e-02 8.695260e-01
7.284843e+03 2.964452e+02 7.513236e+02 5.354237e-01 8.959309e-01 -5.640700e-02 -6.956887e-03 2.538156e+00
7.742497e+03 2.955316e+02 8.570680e+02 6.499189e-01 2.939016e-01 -1.224379e-01 2.773881e-02 1.487299e+00
7.323704e+03 3.430969e+02 8.820966e+02 9.457403e-01 9.064206e-01 -2.694594e-02 1.514975e-02 2.432853e+00
7.840748e+03 2.851099e+02 1.311183e+03 6.773131e-01 7.989272e-01 3.478767e-02 -4.862061e-02 2.453037e+00
7.865093e+03 3.165941e+02 5.635795e+02 7.991064e-02 2.697652e-02 -1.276088e-01 4.257588e-02 1.363076e+00
7.480911e+03 3.083093e+02 5.380097e+02 5.024861e-02 7.066591e-01 -1.448510e-01 2.513721e-02 2.033889e+00
7.287186e+03 3.376990e+02 1.004370e+03 6.140638e-02 8.286567e-01 -5.515224e-02 -4.640784e-02 2.606391e+00
7.698080e+03 3.437033e+02 8.193833e+02 8.286218e-01 7.930740e-01 7.236543e-02 2.383691e-02 2.107949e+00
7.723468e+03 2.948115e+02 9.411382e+02 3.333597e-01 5.427353e-01 5.289578e-02 -3.577861e-02 2.088247e+00
7.989941e+03 2.978643e+02 1.571569e+03 6.235586e-01 7.594895e-01 -1.462100e-01 3.787398e-03 2.120070e+00
7.884256e+03 2.530514e+02 6.026727e+02 4.219980e-01 6.417325e-01 -6.721122e-02 2.059414e-02 2.033041e+00
7.287345e+03 2.856769e+02 1.233579e+03 4.304798e-01 3.181058e-01 -5.817092e-02 -3.996498e-02 1.768514e+00
7.580120e+03 2.762302e+02 6.928009e+02 2.262503e-01 6.553791e-01 1.742892e-01 -2.982483e-02 1.888503e+00
7.277971e+03 3.427226e+02 1.471576e+03 3.709446e-03 7.077877e-01 8.516099e-02 -3.770816e-02 2.398668e+00
7.711430e+03 3.485788e+02 6.476923e+02 1.849491e-01 9.605955e-01 -1.346708e-01 -1.696254e-04 2.459704e+00
7.614604e+03 3.167587e+02 1.672190e+03 4.452352e-02 6.530151e-01 1.422553e-02 6.162504e-03 2.740540e+00
7.561990e+03 2.873707e+02 7.979942e+02 9.041830e-01 7.673237e-01 1.523161e-01 2.257115e-02 1.910992e+00
7.300462e+03 3.187815e+02 1.548970e+03 1.634915e-01 9.907979e-01 -1.707584e-01 2.678859e-02 2.570297e+00
7.446031e+03 3.262219e+02 1.271036e+03 1.937213e-02 7.411929e-01 2.206718e-02 -9.367551e-03 2.880125e+00
7.759981e+03 2.848040e+02 1.437155e+03 7.496369e-01 5.615689e-01 -1.580213e-01 4.679880e-02 1.728594e+00
7.550375e+03 2.689448e+02 1.166207e+03 1.831457e-01 1.027688e-01 -6.746151e-05 2.956008e-02 1.751180e+00
7.475739e+03 2.732356e+02 8.349570e+02 4.098513e-01 7.427970e-01 4.985292e-02 3.768278e-02 2.255857e+00
7.712306e+03 3.248709e+02 1.645226e+03 3.038718e-02 4.906057e-01 1.293177e-01 3.465200e-02 1.875539e+00
7.909432e+03 2.591955e+02 1.143534e+03 1.148959e-01 6.900971e-01 2.912842e-02 3.798579e-02 2.354267e+00
7.542446e+03 2.561386e+02 1.047070e+03 8.709757e-01 7.205509e-01 -2.666909e-02 2.914974e-02 2.191126e+00
7.223473e+03 2.748025e+02 9.431512e+02 1.738336e-02 9.821011e-01 -1.093331e-01 5.216183e-02 2.557610e+00
7.986014e+03 3.152003e+02 9.017141e+02 7.258080e-01 9.245269e-01 -9.728946e-02 -3.389552e-02 2.334368e+00
7.929657e+03 2.632571e+02 5.953526e+02 4.604101e-01 6.789656e-01 -1.062439e-01 -3.527813e-02 1.948622e+00
7.651416e+03 3.097971e+02 1.643065e+03 6.350828e-01 9.045961e-01 -1.245265e-01 -5.019884e-02 2.370092e+00
7.365767e+03 3.061136e+02 5.851728e+02 2.569289e-01 1.146802e-02 -4.213181e-03 4.364046e-03 1.725074e+00
7.378526e+03 3.420458e+02 7.031512e+02 1.959210e-01 3.710385e-01 8.962604e-02 3.243372e-02 1.747813e+00
7.805559e+03 3.202690e+02 6.275183e+02 7.623710e-01 4.365092e-01 -1.106724e-01 -3.967925e-02 1.513243e+00
7.783145e+03 2.557302e+02 7.333855e+02 1.309695e-01 3.782317e-01 1.031352e-01 3.177017e-02 1.734922e+00
7.923831e+03 3.365536e+02 1.463624e+03 7.844024e-01 5.782276e-01 1.097414e-01 9.538093e-04 1.896718e+00
7.906673e+03 3.009362e+02 1.093021e+03 6.555735e-01 9.455678e-02 -6.436284e-03 1.558839e-02 1.620420e+00
7.456670e+03 2.998092e+02 1.464929e+03 6.951341e-01 5.895593e-01 -1.437158e-01 -2.221628e-02 1.866004e+00
7.833511e+03 2.516612e+02 1.448675e+03 8.181009e-01 9.966656e-01 -1.504817e-01 1.052855e-02 2.421298e+00
7.819610e+03 2.772862e+02 9.221148e+02 5.500484e-01 1.321138e-01 -1.458798e-01 4.796048e-02 1.310408e+00
7.632473e+03 3.256354e+02 5.048764e+02 6.435576e-01 1.491900e-01 9.247956e-02 -5.081603e-02 1.155384e+00
7.951779e+03 3.442779e+02 9.046529e+02 4.132543e-01 4.018330e-01 7.660021e-02 1.353823e-02 1.789508e+00
7.495459e+03 3.346691e+02 1.378998e+03 1.505156e-01 6.354424e-01 1.597590e-01 -2.024482e-02 2.008187e+00
7.553153e+03 2.579064e+02 1.059948e+03 5.375928e-01 6.946745e-01 2.074377e-02 -1.605263e-02 2.571688e+00
7.950701e+03 2.908975e+02 9.177379e+02 2.416446e-01 7.942475e-01 9.669055e-02 -1.309516e-02 2.304457e+00
7.494371e+03 2.624906e+02 6.017704e+02 6.079930e-02 9.838459e-01 1.709874e-01 -2.074974e-03 2.469346e+00
7.479891e+03 2.604903e+02 1.184008e+03 7.415900e-01 2.528579e-01 -3.917147e-02 -8.194687e-03 1.708013e+00
7.811762e+03 3.251452e+02 1.429443e+03 8.039600e-01 7.330258e-01 3.721758e-02 -4.396070e-02 2.357251e+00
7.510909e+03 2.580763e+02 1.413822e+03 2.120693e-02 5.511379e-01 1.355490e-01 2.306439e-02 1.940531e+00
7.389849e+03 3.137434e+02 1.249296e+03 3.264656e-01 3.358547e-01 -3.602644e-02 -3.093335e-03 2.007229e+00
7.907719e+03 3.311059e+02 1.375531e+03 6.893160e-01 5.102691e-01 1.489239e-01 -1.376789e-02 1.732450e+00
7.785663e+03 2.979735e+02 1.493451e+03 7.083195e-01 3.631132e-01 1.421670e-01 3.215996e-02 1.542683e+00
7.633111e+03 3.424405e+02 6.342781e+02 2.750577e-01 6.676599e-01 4.524984e-02 -4.832255e-03 2.276442e+00
7.565899e+03 3.001418e+02 8.050876e+02 4.465823e-01 3.873819e-01 -1.220409e-01 9.821645e-03 1.642616e+00
7.774103e+03 3.255045e+02 5.693993e+02 2.152157e-01 7.887700e-01 -1.469223e-01 -3.709743e-02 2.069675e+00
7.200672e+03 3.273367e+02 1.630927e+03 9.706077e-01 8.470655e-01 7.074942e-02 -2.481419e-02 2.478989e+00
7.535351e+03 3.024470e+02 1.285894e+03 2.693852e-01 9.729578e-01 -4.104332e-03 3.836626e-02 2.825933e+00
7.615929e+03 2.821270e+02 1.360477e+03 8.670107e-01 6.052308e-01 8.731367e-02 -2.159117e-02 1.961613e+00
7.308994e+03 2.866769e+02 1.387036e+03 9.460196e-01 1.703753e-01 1.733930e-01 4.570450e-02 1.146645e+00
7.668248e+03 2.657281e+02 8.327041e+02 7.738669e-01 1.301196e-01 -1.428696e-02 4.085240e-02 1.513482e+00
7.873133e+03 2.527132e+02 1.293156e+03 5.396625e-01 5.656612e-01 -4.602486e-02 -2.959757e-02 2.202544e+00
7.215994e+03 3.388357e+02 1.238875e+03 1.378745e-01 4.798676e-01 -1.087895e-01 4.808678e-03 1.920823e+00
7.895076e+03 2.838219e+02 1.603937e+03 4.922888e-01 2.261106e-01 -5.021013e-02 8.139138e-04 1.757769e+00
7.882193e+03 2.680943e+02 5.826764e+02 4.424615e-01 4.098522e-01 -2.590116e-02 -4.848155e-02 1.737003e+00
7.922381e+03 2.920483e+02 1.021793e+03 7.379348e-01 8.603812e-01 3.194319e-02 -1.620463e-02 2.628677e+00
7.932054e+03 2.614597e+02 6.993192e+02 9.087356e-01 9.392787e-02 9.950697e-02 -6.186871e-03 1.101194e+00
7.236384e+03 3.414313e+02 1.232927e+03 1.654118e-01 2.860677e-01 5.533278e-02 -2.182658e-02 1.891249e+00
7.379333e+03 2.828792e+02 1.485025e+03 8.569715e-02 4.697984e-01 1.604964e-01 -3.033203e-02 1.764078e+00
7.696526e+03 3.411374e+02 8.702493e+02 2.127958e-01 1.870033e-01 -8.800278e-02 -1.041811e-02 1.554943e+00
7.813631e+03 2.837332e+02 1.511290e+03 6.882942e-01 4.735830e-01 3.871668e-02 -1.642548e-02 2.111775e+00
7.485597e+03 3.421584e+02 1.332560e+03 4.779730e-01 9.302848e-01 3.528128e-02 1.669503e-03 2.919296e+00
7.924321e+03 3.313543e+02 8.878457e+02 2.395072e-01 7.241080e-01 1.720914e-01 2.833120e-03 2.052120e+00
7.706471e+03 3.072453e+02 7.268032e+02 5.467270e-01 9.053665e-01 1.850355e-02 -2.189027e-02 2.808910e+00
7.608254e+03 2.814392e+02 1.048818e+03 7.830964e-01 5.584568e-01 1.526782e-01 -4.459789e-02 1.645576e+00
7.840850e+03 3.022686e+02 5.595198e+02 5.517572e-01 1.501866e-01 -5.688534e-02 9.115313e-03 1.520549e+00
7.784824e+03 2.523176e+02 1.349491e+03 6.850246e-01 7.902615e-01 1.206414e-01 3.248645e-02 2.117165e+00
7.987909e+03 2.925094e+02 1.187513e+03 1.077612e-01 2.703329e-01 -1.111190e-01 -3.329389e-02 1.566948e+00
7.426572e+03 2.501537e+02 6.584757e+02 7.349905e-01 5.098342e-01 1.267444e-01 2.090140e-02 1.675740e+00
7.613049e+03 3.235957e+02 1.258870e+03 3.963587e-01 9.315305e-01 4.548388e-02 -2.039044e-02 2.928717e+00
7.710072e+03 2.936394e+02 5.797585e+02 4.291983e-02 3.109216e-03 7.333900e-03 -4.496953e-02 1.354764e+00
7.871051e+03 2.634311e+02 9.666373e+02 5.624024e-01 3.336704e-01 -1.572522e-02 -5.222246e-02 1.632681e+00
7.543254e+03 3.192457e+02 1.077748e+03 1.517504e-01 8.622573e-01 1.572794e-01 1.826839e-02 2.312945e+00
7.355583e+03 2.655189e+02 5.647379e+02 9.195898e-01 1.150148e-01 1.009666e-02 -4.540055e-02 1.114997e+00
7.820066e+03 2.513585e+02 9.930654e+02 1.609408e-01 2.592934e-01 -1.227156e-01 1.525221e-02 1.574152e+00
7.642400e+03 3.231917e+02 1.341516e+03 6.221644e-01 2.520470e-02 -1.229315e-01 2.442728e-02 1.220568e+00
7.949093e+03 3.362227e+02 9.422387e+02 9.057209e-01 4.506386e-01 -7.377502e-02 4.859565e-02 1.635317e+00
7.779203e+03 2.872948e+02 1.466396e+03 8.207533e-01 6.698475e-01 1.351041e-01 -4.823462e-02 1.858762e+00
7.587352e+03 3.330188e+02 6.690576e+02 1.128507e-01 1.126389e-01 1.217494e-01 9.326480e-03 1.409321e+00
7.354480e+03 3.136383e+02 1.415280e+03 2.641338e-01 7.564288e-01 -5.868278e-02 3.945440e-02 2.407532e+00
7.619606e+03 3.479851e+02 5.043700e+02 9.324105e-01 1.172947e-01 4.398978e-02 3.293486e-02 1.298559e+00
7.528577e+03 3.366864e+02 5.367915e+02 7.688533e-01 6.587443e-01 2.483576e-02 2.563781e-02 2.065769e+00
7.856808e+03 3.448478e+02 1.231787e+03 2.430807e-01 7.437181e-01 -1.715090e-01 -2.123130e-02 2.108644e+00
7.958374e+03 2.718206e+02 5.090399e+02 1.007464e-01 3.322987e-01 7.626332e-04 -3.069408e-02 1.917368e+00
7.611583e+03 3.109958e+02 1.612707e+03 3.009121e-01 8.678325e-01 -2.156610e-03 1.566718e-02 2.948041e+00
7.869457e+03 3.441031e+02 1.660992e+03 1.997322e-01 5.794098e-01 1.683885e-01 -3.297006e-02 1.877109e+00
7.260215e+03 3.160114e+02 1.393067e+03 8.076746e-01 8.974226e-01 -7.513071e-02 -4.141734e-02 2.517067e+00
7.536265e+03 3.093021e+02 9.517671e+02 5.389688e-01 5.573172e-01 7.979180e-02 3.506576e-02 1.907539e+00
7.336042e+03 2.763815e+02 1.479639e+03 7.818920e-02 5.740764e-01 1.058721e-02 1.157546e-02 2.554104e+00
7.460317e+03 3.482501e+02 1.541844e+03 9.774302e-01 5.493969e-01 2.130887e-02 -1.112284e-02 2.169299e+00
7.724791e+03 3.381950e+02 1.149470e+03 4.355617e-01 2.227867e-01 1.591308e-01 3.511620e-02 1.401734e+00
7.994904e+03 2.706946e+02 7.723238e+02 4.731991e-01 7.461909e-01 1.661224e-01 -2.258197e-02 1.998517e+00
7.507839e+03 3.302139e+02 7.898683e+02 6.094186e-01 2.051566e-02 -1.627640e-01 -2.463123e-02 1.009115e+00
7.574896e+03 3.126932e+02 8.740587e+02 4.128641e-01 6.815758e-02 1.313802e-01 3.980489e-03 1.271330e+00
7.537428e+03 3.247527e+02 1.636933e+03 6.638534e-01 3.242621e-01 8.139765e-02 1.082914e-03 1.706453e+00
7.768523e+03 2.784149e+02 5.126653e+02 6.215964e-01 6.563295e-01 4.278472e-02 -2.303032e-02 2.140400e+00
7.362197e+03 2.671329e+02 1.408928e+03 6.130250e-01 5.930315e-01 -1.645997e-01 4.094780e-02 1.812563e+00
7.255171e+03 3.286914e+02 8.563849e+02 2.913712e-01 9.075970e-01 -1.082989e-01 -3.565492e-02 2.422857e+00
7.463418e+03 2.661380e+02 1.030927e+03 9.567389e-01 7.625713e-01 -8.913484e-02 4.690321e-02 1.960812e+00
7.280005e+03 2.503505e+02 6.739466e+02 7.114481e-01 1.239648e-01 -4.982749e-02 -2.964876e-02 1.380032e+00
7.405518e+03 3.079870e+02 1.590926e+03 2.875541e-01 3.021946e-01 -3.102458e-02 1.486435e-02 1.991522e+00
7.339813e+03 2.890553e+02 8.281103e+02 6.703696e-02 8.386805e-01 -4.865427e-02 1.651414e-02 2.567172e+00
7.208490e+03 3.293131e+02 8.154087e+02 5.150107e-01 6.460091e-01 -3.988257e-02 1.203441e-02 2.217591e+00
7.637196e+03 3.496105e+02 1.655705e+03 8.849149e-01 6.953726e-01 1.430108e-01 -2.901106e-02 1.962819e+00
7.472886e+03 3.026195e+02 5.916677e+02 6.625576e-01 8.233880e-01 -9.397100e-02 1.765241e-02 2.144058e+00
7.414069e+03 2.563402e+02 1.374285e+03 7.905300e-01 1.539544e-01 3.811316e-02 2.358045e-02 1.560969e+00
7.313227e+03 3.284964e+02 1.207589e+03 2.007034e-01 3.003290e-01 4.323119e-02 -1.549085e-02 1.971981e+00
7.808386e+03 2.836085e+02 1.011050e+03 3.522480e-01 3.364835e-01 1.604997e-02 -4.883370e-02 1.754219e+00
7.734944e+03 2.648972e+02 5.609772e+02 4.161068e-01 6.939579e-01 -5.548800e-02 8.015971e-03 2.173747e+00
7.910100e+03 3.215311e+02 1.325249e+03 8.691322e-01 5.411273e-01 -7.072423e-02 -4.219253e-02 1.843325e+00
7.505772e+03 3.054218e+02 9.373424e+02 6.287025e-01 6.263438e-01 1.403109e-01 3.449859e-02 1.836107e+00
7.501074e+03 3.067877e+02 1.016387e+03 4.660665e-01 3.792717e-01 2.206886e-03 2.343055e-02 1.968019e+00
7.915855e+03 3.307725e+02 6.507836e+02 3.675833e-01 5.992123e-01 -1.414501e-01 4.067083e-02 1.830144e+00
7.271972e+03 3.082235e+02 5.897284e+02 7.003943e-01 7.473320e-02 1.500636e-01 -3.338005e-02 1.015037e+00
7.887594e+03 3.352830e+02 5.512699e+02 9.959006e-01 6.403949e-01 -1.379231e-01 -5.097278e-03 1.651849e+00
7.249930e+03 2.958761e+02 1.553300e+03 4.548043e-02 1.082414e-01 1.247871e-01 -1.872873e-02 1.416449e+00
7.303932e+03 2.540217e+02 1.048376e+03 3.244065e-02 3.177298e-01 -2.320405e-02 1.888943e-02 2.036280e+00
7.539047e+03 3.092517e+02 8.367853e+02 1.202268e-02 3.467908e-01 -1.019056e-01 -3.853309e-02 1.652845e+00
7.279340e+03 2.576981e+02 1.320171e+03 2.224539e-01 4.234350e-01 -9.059117e-02 -4.287049e-02 1.811054e+00
7.459461e+03 3.070068e+02 1.028788e+03 3.774570e-01 7.537433e-02 1.440627e-01 -3.132277e-02 1.176565e+00
7.472160e+03 2.973444e+02 9.633763e+02 3.447223e-01 4.548496e-01 -2.430224e-02 5.202983e-02 1.925119e+00
7.337174e+03 2.595918e+02 7.314511e+02 1.207391e-01 4.155157e-01 -1.572045e-01 1.404999e-02 1.663376e+00
7.796727e+03 2.587132e+02 1.288058e+03 6.751672e-01 9.403573e-01 1.727338e-01 4.472041e-02 2.252838e+00
7.705133e+03 3.443505e+02 1.356636e+03 4.024788e-01 2.184148e-01 -7.317406e-02 -4.715871e-03 1.652838e+00
7.595602e+03 3.492929e+02 6.857976e+02 2.312152e-01 4.035808e-01 -9.518741e-02 3.908403e-02 1.754237e+00
7.593334e+03 3.272148e+02 9.990547e+02 5.886416e-01 7.534078e-01 1.623223e-01 -3.461270e-02 2.000014e+00
7.963535e+03 3.063746e+02 1.110161e+03 8.068810e-01 3.428646e-01 9.094249e-02 -4.464758e-02 1.459140e+00
7.713853e+03 2.839701e+02 6.938838e+02 7.312698e-01 2.823929e-01 4.937519e-02 1.729975e-02 1.613747e+00
7.547130e+03 3.219320e+02 1.632405e+03 4.367144e-01 8.561262e-02 -1.071309e-01 3.046677e-02 1.397123e+00
7.447987e+03 2.660800e+02 9.579847e+02 7.697303e-01 9.171449e-01 -1.122571e-02 1.796634e-02 2.642317e+00
7.766634e+03 3.000078e+02 1.070374e+03 2.777432e-01 6.099733e-01 -7.421894e-02 4.976871e-02 2.047430e+00
7.328659e+03 3.193113e+02 1.675621e+03 3.469957e-01 7.293927e-01 6.841106e-02 -1.593706e-02 2.538140e+00
7.299091e+03 3.015060e+02 9.118347e+02 3.702189e-02 1.390152e-01 -1.159975e-01 -5.226724e-02 1.287475e+00
7.526615e+03 2.716549e+02 1.476249e+03 9.210982e-01 7.664800e-01 8.918608e-02 3.728836e-02 2.083614e+00
7.292829e+03 3.175135e+02 1.157894e+03 5.901812e-01 4.185712e-01 1.569031e-01 4.665853e-02 1.596400e+00
7.953599e+03 2.727392e+02 1.136009e+03 9.162804e-01 5.357104e-01 2.661995e-02 1.946735e-02 1.933538e+00
7.941007e+03 3.341828e+02 1.118881e+03 8.343071e-01 3.191509e-01 2.896630e-02 4.719667e-05 1.751538e+00
7.471041e+03 2.630485e+02 1.625615e+03 3.648792e-01 8.764923e-01 1.791185e-02 -2.407281e-02 3.207150e+00
7.988598e+03 2.705902e+02 1.578725e+03 6.765569e-01 6.540227e-01 4.149416e-02 -1.096494e-02 2.379226e+00
7.908248e+03 2.997898e+02 1.663713e+03 4.863805e-01 3.457727e-01 -8.302202e-02 2.189561e-02 1.752833e+00
7.787769e+03 2.521172e+02 8.953059e+02 5.156772e-02 6.523722e-02 -7.781558e-02 -1.845864e-03 1.515148e+00
7.679022e+03 2.717892e+02 1.514825e+03 4.805682e-02 6.049857e-02 1.396094e-02 -1.435550e-02 1.875467e+00
7.520870e+03 3.127410e+02 1.382841e+03 8.313794e-01 5.046015e-01 1.414458e-01 -9.823663e-03 1.702126e+00
7.858251e+03 3.086241e+02 5.098655e+02 1.010752e-01 3.882443e-01 2.757408e-02 3.323245e-02 1.959811e+00
7.685088e+03 3.128860e+02 8.622942e+02 6.511770e-01 1.889207e-01 -7.007880e-03 -1.518083e-02 1.752238e+00
7.807216e+03 2.735314e+02 1.073849e+03 1.470025e-01 9.759223e-01 -2.394679e-02 3.690916e-02 2.802567e+00
7.529291e+03 3.406536e+02 7.257666e+02 4.558503e-01 5.665432e-01 8.073047e-02 1.130334e-02 1.941909e+00
7.269618e+03 3.065288e+02 6.636964e+02 6.985701e-01 2.992480e-02 -4.109879e-02 1.678831e-02 1.411230e+00
7.296728e+03 2.546924e+02 1.452632e+03 3.021820e-01 3.616921e-01 -1.740850e-01 3.262000e-02 1.574517e+00
7.224065e+03 2.927551e+02 1.699570e+03 3.400794e-01 5.264047e-01 1.278551e-01 4.469952e-02 1.882351e+00
7.466285e+03 3.233693e+02 8.187128e+02 3.279369e-01 3.033284e-02 9.703835e-03 2.096544e-02 1.671707e+00
7.799014e+03 2.505603e+02 1.587737e+03 2.458775e-01 8.529901e-01 -2.848805e-02 -2.894801e-02 3.043178e+00
7.299710e+03 2.968177e+02 7.793839e+02 5.245897e-02 9.223412e-01 1.681304e-01 -9.104849e-03 2.400542e+00
7.842916e+03 3.016210e+02 6.271417e+02 8.814131e-01 1.684289e-01 -1.706243e-01 -4.895669e-02 9.688779e-01
7.282814e+03 3.277342e+02 1.579921e+03 9.963743e-01 8.730026e-01 -6.885818e-02 5.166576e-02 2.222945e+00
7.658557e+03 3.491859e+02 1.314186e+03 1.850556e-02 1.854575e-01 1.036894e-01 -2.132768e-02 1.557686e+00
7.892077e+03 2.573624e+02 8.461519e+02 7.396627e-01 5.088773e-01 1.396580e-01 2.804972e-03 1.681017e+00
7.207511e+03 3.333651e+02 1.635220e+03 9.477919e-01 9.696094e-01 -2.824464e-03 -2.485562e-04 3.174680e+00
7.553827e+03 3.171056e+02 1.537000e+03 2.818339e-01 7.255044e-01 -3.249132e-02 -6.695290e-03 2.717350e+00
7.598571e+03 3.481037e+02 1.346576e+03 1.929870e-01 4.456094e-01 -1.284140e-03 4.356256e-02 2.035424e+00
7.657736e+03 2.935858e+02 1.691109e+03 8.773417e-01 7.553681e-01 -1.858520e-02 -1.209178e-02 2.691336e+00
7.509105e+03 3.261570e+02 1.459519e+03 8.086398e-01 7.489704e-01 -1.514720e-02 1.884048e-02 2.462186e+00
7.552772e+03 3.107119e+02 1.161252e+03 2.512179e-01 7.721302e-01 2.170081e-02 -1.950222e-02 2.839087e+00
7.378137e+03 2.857894e+02 1.421812e+03 5.899937e-01 1.746175e-01 1.190669e-01 -1.290554e-02 1.389909e+00
7.897719e+03 3.056289e+02 1.057496e+03 6.508260e-01 1.661355e-01 -4.080327e-02 3.365167e-02 1.597006e+00
7.320642e+03 2.725018e+02 7.227533e+02 2.602326e-01 5.025651e-01 9.790994e-02 -1.817694e-02 1.873931e+00
7.426176e+03 3.230492e+02 1.455148e+03 5.969982e-01 9.559265e-01 1.107111e-01 -3.245744e-02 2.564937e+00
7.530953e+03 2.793159e+02 1.473518e+03 3.953436e-01 3.921990e-01 -1.269408e-01 5.376798e-03 1.719812e+00
7.545663e+03 3.382748e+02 1.185900e+03 7.751904e-01 5.225363e-01 -2.027620e-02 5.161890e-02 1.879985e+00
7.606595e+03 3.223921e+02 9.524288e+02 3.252464e-01 7.614860e-01 -3.288911e-02 1.864921e-02 2.467449e+00
7.412240e+03 3.259740e+02 1.008872e+03 1.481751e-01 8.874360e-01 1.286558e-01 -2.365168e-02 2.436518e+00
7.766352e+03 3.120098e+02 8.811143e+02 1.677449e-01 8.327789e-01 8.122824e-02 -2.880852e-02 2.448817e+00
7.708189e+03 2.562097e+02 8.727284e+02 2.218079e-01 5.682242e-01 -1.403545e-01 3.868618e-02 1.837777e+00
7.605515e+03 2.808328e+02 7.348910e+02 8.782555e-02 8.318509e-01 -5.579684e-02 1.429643e-02 2.491416e+00
7.255558e+03 2.901448e+02 5.812443e+02 8.166265e-03 9.467541e-01 7.804650e-02 2.049682e-02 2.572734e+00
7.993937e+03 2.522511e+02 1.460601e+03 8.838825e-01 8.113070e-01 3.779020e-02 4.633431e-02 2.240273e+00
7.703203e+03 2.932186e+02 7.101919e+02 1.134938e-01 3.792528e-02 1.039244e-02 -7.446849e-03 1.773490e+00
7.252884e+03 2.939682e+02 5.078465e+02 3.873042e-01 4.598529e-01 1.582062e-01 1.977510e-02 1.641081e+00
7.652698e+03 2.950598e+02 7.153465e+02 5.843517e-01 9.528885e-01 5.810390e-02 7.689153e-03 2.520179e+00
7.466956e+03 2.677974e+02 1.651455e+03 9.078472e-01 6.438522e-01 1.699939e-01 -1.409636e-02 1.844860e+00
7.213598e+03 2.703625e+02 1.290070e+03 4.141025e-01 8.357127e-01 1.593140e-01 8.905794e-03 2.275114e+00
7.925256e+03 2.550774e+02 1.054315e+03 7.500570e-01 8.816187e-01 9.301747e-02 4.177518e-03 2.307618e+00
7.764475e+03 3.062028e+02 7.211105e+02 6.411650e-01 5.436764e-01 3.599837e-02 1.261012e-02 1.997466e+00
7.736265e+03 2.812810e+02 6.583917e+02 3.639091e-01 6.572852e-01 1.261119e-01 -4.797912e-02 1.857390e+00
7.551833e+03 2.719360e+02 5.532413e+02 8.689870e-01 5.071252e-01 1.308136e-01 9.081289e-03 1.594493e+00
7.351061e+03 2.684346e+02 1.373164e+03 9.062879e-01 1.014456e-01 -7.658021e-02 4.016872e-02 1.295502e+00
7.639508e+03 3.391931e+02 9.394866e+02 8.991781e-01 7.384249e-02 1.119767e-01 3.155084e-02 1.142864e+00
7.675517e+03 3.176797e+02 8.106914e+02 9.035914e-01 8.050664e-01 1.014081e-01 -3.697173e-02 2.027411e+00
7.462880e+03 3.091805e+02 7.409054e+02 7.893750e-01 9.764381e-01 1.220258e-01 -4.534040e-05 2.358489e+00
7.617971e+03 2.549043e+02 9.560877e+02 6.756395e-03 1.563166e-02 8.533444e-03 -2.826575e-02 1.673192e+00
7.928418e+03 3.304465e+02 1.148980e+03 4.899806e-01 5.199233e-01 -2.202498e-02 1.852732e-02 2.158120e+00
7.956910e+03 3.274938e+02 8.476689e+02 5.010022e-01 1.490728e-02 1.174838e-01 -4.135751e-02 1.049306e+00
7.975595e+03 3.041449e+02 7.121119e+02 4.729204e-01 6.713516e-01 1.232847e-01 -2.936206e-02 1.935345e+00
7.863870e+03 3.349769e+02 9.387296e+02 7.303282e-02 6.852030e-01 1.576652e-01 -6.714660e-03 2.045986e+00
7.799353e+03 2.953928e+02 9.077351e+02 4.874271e-01 7.676460e-02 1.023346e-01 3.728515e-03 1.338620e+00
7.427771e+03 2.548217e+02 1.507298e+03 8.457143e-01 9.744168e-01 -2.514254e-02 -3.448336e-03 3.022796e+00
7.458654e+03 3.294507e+02 1.309616e+03 7.338222e-01 8.758782e-01 -3.737779e-03 -2.583810e-02 2.946514e+00
7.291054e+03 2.607315e+02 5.118415e+02 2.502648e-01 1.344081e-01 -4.443459e-02 2.717490e-02 1.665103e+00
7.577462e+03 3.428486e+02 7.066962e+02 8.370669e-01 8.205232e-01 -1.376538e-01 3.656098e-02 1.998550e+00
7.756780e+03 3.360782e+02 1.268280e+03 7.226471e-01 1.220067e-01 6.645455e-02 -2.111584e-02 1.403460e+00
7.876887e+03 2.531710e+02 1.017417e+03 9.187286e-01 6.657845e-01 1.412870e-01 2.867712e-02 1.787768e+00
7.523573e+03 3.480819e+02 1.564387e+03 8.767489e-01 5.340333e-01 -3.698733e-02 2.149743e-02 2.020545e+00
7.693607e+03 3.053398e+02 7.886525e+02 4.766718e-01 9.324563e-01 -5.334273e-02 2.836305e-02 2.506493e+00
7.234319e+03 3.087238e+02 1.272395e+03 1.080354e-01 8.259547e-01 -1.225423e-02 3.439526e-02 2.660947e+00
7.598388e+03 3.402608e+02 1.153212e+03 7.160053e-01 9.561616e-01 -1.044159e-01 1.887526e-03 2.467142e+00
7.977387e+03 3.309805e+02 1.599779e+03 6.140574e-01 9.516757e-02 4.900402e-03 4.488166e-02 1.557751e+00
7.465312e+03 2.536906e+02 9.869618e+02 2.031004e-02 1.197534e-01 8.764476e-02 3.348243e-03 1.557992e+00
7.557561e+03 2.915720e+02 5.910417e+02 4.973390e-01 5.675894e-01 1.390458e-01 -2.176025e-02 1.768541e+00
