7.676000e+03 3.051474e+02 1.195707e+03 8.178846e-01 1.415516e-01 -7.392207e-02 -1.732639e-02 1.767030e+00
7.225435e+03 3.231033e+02 1.403319e+03 4.460336e-01 6.190785e-01 -7.322698e-02 -4.198005e-02 3.446647e+00
7.239068e+03 2.644713e+02 9.319062e+02 1.974788e-01 4.492102e-01 -1.640216e-01 3.497090e-03 2.215833e+00
7.549980e+03 3.336147e+02 1.532687e+03 6.060344e-01 2.097293e-01 8.493865e-02 -2.176050e-02 2.105882e+00
7.363405e+03 3.477734e+02 1.017653e+03 1.475574e-02 6.879203e-01 -1.339485e-01 3.445834e-03 2.976061e+00
7.692705e+03 2.579548e+02 1.686866e+03 4.075442e-01 2.055054e-01 8.947488e-02 -4.218023e-02 2.078148e+00
7.901280e+03 2.651252e+02 8.470256e+02 6.218076e-01 2.269898e-01 1.348275e-01 -4.991123e-02 1.534110e+00
7.254375e+03 3.066034e+02 1.699187e+03 6.940964e-01 3.411170e-01 1.625782e-01 3.113159e-02 2.070203e+00
7.307171e+03 3.022439e+02 7.762015e+02 3.360711e-01 3.234249e-01 -1.491622e-01 3.281500e-02 1.832063e+00
7.233755e+03 2.674624e+02 8.847692e+02 5.015681e-01 9.502658e-02 1.615053e-01 -4.535756e-02 1.308038e+00
7.218434e+03 2.605825e+02 1.079084e+03 7.300501e-01 6.335071e-01 8.692078e-02 3.526226e-02 2.803286e+00
7.519562e+03 2.543509e+02 5.903617e+02 6.804485e-01 3.045452e-01 2.055719e-02 -2.406506e-02 2.350691e+00
7.483295e+03 3.480014e+02 8.320473e+02 1.013218e-01 7.174671e-01 1.692235e-01 -3.940663e-02 2.650791e+00
7.749836e+03 3.497733e+02 1.245289e+03 8.211822e-01 4.877416e-01 8.822827e-02 -3.289594e-02 2.600926e+00
7.677003e+03 3.387852e+02 6.880403e+02 3.791864e-01 7.147933e-01 6.804755e-02 -1.413027e-02 3.105997e+00
7.524587e+03 3.112244e+02 8.520944e+02 9.911843e-01 6.939836e-01 -1.565994e-01 -1.126592e-02 2.460253e+00
7.498471e+03 2.533087e+02 6.231281e+02 3.482169e-01 9.631440e-01 2.642091e-02 4.458461e-02 3.458110e+00
7.630702e+03 2.582569e+02 5.458999e+02 1.133428e-01 8.646428e-01 5.132525e-03 3.833922e-02 3.258634e+00
7.894669e+03 3.327004e+02 1.123974e+03 3.021135e-01 7.425196e-01 8.452887e-02 8.453735e-03 3.311459e+00
7.506002e+03 2.643501e+02 8.264958e+02 9.139406e-01 2.760531e-01 -4.885408e-03 -1.441670e-03 2.323180e+00
7.390837e+03 3.227297e+02 1.656767e+03 2.969833e-01 7.561035e-01 -4.175467e-02 3.427102e-02 4.016223e+00
7.597066e+03 3.353119e+02 7.101717e+02 6.799475e-01 7.800026e-01 1.228257e-01 -1.790208e-02 2.832139e+00
7.887367e+03 2.816957e+02 8.063809e+02 4.226997e-01 1.526398e-01 -1.706374e-02 1.813647e-03 2.117168e+00
7.709366e+03 2.805737e+02 5.048090e+02 6.605656e-01 6.787465e-01 4.379567e-02 -4.786962e-02 2.806328e+00
7.507171e+03 3.225579e+02 1.608031e+03 2.059483e-01 7.487549e-02 -1.617563e-02 4.289127e-02 1.932613e+00
7.870262e+03 2.665389e+02 9.323857e+02 1.583236e-02 7.691963e-01 -8.028664e-02 -4.938138e-02 3.326541e+00
7.796842e+03 3.342473e+02 1.440856e+03 2.522391e-02 3.283414e-01 1.419470e-02 -2.974287e-02 3.077419e+00
7.819064e+03 2.868608e+02 7.249865e+02 6.170799e-01 9.514588e-01 1.102502e-01 -1.758102e-02 3.308525e+00
7.885193e+03 3.241885e+02 7.010343e+02 6.627389e-02 1.405947e-01 -1.122324e-01 5.007651e-02 1.605785e+00
7.777383e+03 2.903161e+02 1.471459e+03 3.203750e-01 4.573282e-01 -1.307225e-01 1.089104e-02 2.492487e+00
7.964350e+03 3.425300e+02 1.671366e+03 3.056751e-01 7.239207e-01 -1.692191e-03 -4.752047e-03 4.745514e+00
7.874992e+03 3.233077e+02 5.453426e+02 2.926939e-01 8.362134e-01 9.158355e-02 6.352678e-03 2.971041e+00
7.912217e+03 3.360438e+02 5.014564e+02 3.686613e-01 8.393451e-01 -1.092848e-01 -1.623995e-03 2.843452e+00
7.750936e+03 3.373566e+02 1.239460e+03 2.047600e-01 1.001936e-01 6.813260e-02 2.905830e-03 1.890691e+00
7.703351e+03 2.820756e+02 1.660681e+03 1.632771e-02 9.180415e-01 4.952228e-02 3.924543e-02 4.411110e+00
7.598721e+03 3.401092e+02 5.344780e+02 7.852922e-01 2.312814e-01 8.519305e-02 -4.597671e-03 1.669384e+00
7.324271e+03 2.726383e+02 1.368877e+03 8.872871e-01 5.514075e-01 9.364898e-02 -4.680118e-06 2.866213e+00
7.226689e+03 3.045726e+02 1.638314e+03 1.109887e-01 4.055670e-01 -6.578852e-02 2.356990e-02 2.887998e+00
7.256393e+03 2.780255e+02 1.639224e+03 4.444716e-01 4.697327e-01 6.759921e-02 4.498825e-02 2.829246e+00
7.617776e+03 2.655584e+02 1.120386e+03 3.416783e-01 6.497707e-01 1.158930e-01 2.022406e-02 2.840588e+00
7.455880e+03 3.403562e+02 7.443394e+02 4.192253e-01 1.304544e-01 -4.806778e-02 -2.053922e-02 1.937779e+00
7.251959e+03 3.146499e+02 6.739833e+02 4.064599e-01 7.268940e-01 -5.923762e-02 -4.121310e-02 3.239638e+00
7.799922e+03 2.898034e+02 1.187629e+03 7.826421e-01 2.374586e-01 -1.215673e-01 3.663599e-02 1.713874e+00
7.330137e+03 3.334057e+02 1.019022e+03 1.682840e-01 5.234516e-01 1.502603e-01 6.041445e-03 2.459412e+00
7.848133e+03 3.006493e+02 9.471708e+02 3.793071e-02 5.084067e-01 -1.554731e-01 2.133761e-02 2.285472e+00
7.544870e+03 3.258159e+02 5.304012e+02 1.276164e-01 5.941699e-01 -6.621786e-02 -2.369619e-02 2.795471e+00
7.978732e+03 3.402406e+02 6.494332e+02 9.240027e-02 2.127634e-01 -7.464883e-02 2.436542e-02 1.881790e+00
7.547437e+03 2.730438e+02 9.947050e+02 4.763604e-01 8.784749e-01 9.656592e-02 4.969996e-02 3.204951e+00
7.449742e+03 3.040084e+02 1.386044e+03 3.812496e-01 7.383970e-01 1.548329e-01 -6.423264e-03 3.168077e+00
7.647029e+03 3.084689e+02 8.791783e+02 6.451243e-01 3.014788e-01 -1.450483e-01 1.186647e-02 1.776380e+00
7.707670e+03 3.453653e+02 1.124897e+03 6.723090e-01 7.577993e-01 -1.226148e-01 -4.458215e-02 3.005584e+00
7.580184e+03 2.766684e+02 5.372014e+02 5.780984e-01 4.803014e-02 5.163064e-02 3.151592e-02 1.523950e+00
7.740021e+03 2.821242e+02 6.182769e+02 5.269504e-01 9.093489e-01 -1.475411e-01 -3.912575e-02 2.853409e+00
7.313681e+03 3.240355e+02 8.708812e+02 6.710982e-01 4.998097e-01 -1.333036e-01 4.546480e-02 2.150725e+00
7.938331e+03 3.375410e+02 1.459200e+03 2.665557e-01 8.096625e-01 3.786775e-02 3.579421e-02 3.895278e+00
7.407045e+03 2.888352e+02 1.496398e+03 6.991337e-01 5.155202e-02 -3.882541e-02 3.556131e-02 1.709774e+00
7.780913e+03 2.507396e+02 1.580427e+03 6.300048e-01 8.819228e-01 -1.024582e-01 2.397134e-02 3.713460e+00
7.747448e+03 3.494677e+02 1.208961e+03 4.557093e-02 6.145492e-01 1.028978e-01 4.025776e-02 2.817671e+00
7.473078e+03 2.741879e+02 1.475740e+03 7.458874e-01 7.495982e-01 -9.302971e-02 2.926059e-02 3.321720e+00
7.213018e+03 2.714794e+02 9.782699e+02 3.152808e-01 5.112280e-01 -3.577928e-02 -3.655131e-02 3.234510e+00
7.843640e+03 2.571200e+02 8.075730e+02 6.539956e-01 9.716740e-01 2.351458e-02 -6.648442e-03 4.301730e+00
7.984352e+03 2.697972e+02 9.592709e+02 9.941304e-01 4.441285e-02 6.169376e-02 -4.141181e-02 1.218678e+00
7.977626e+03 3.455454e+02 1.481700e+03 2.252759e-01 3.582898e-01 6.095036e-02 -2.246944e-02 2.778571e+00
7.469030e+03 2.944632e+02 1.354703e+03 6.034637e-01 8.374056e-01 -1.536587e-02 -5.217249e-02 4.264761e+00
7.902292e+03 2.524971e+02 1.099801e+03 2.770052e-01 1.102114e-01 1.673033e-01 2.576267e-02 1.462160e+00
7.478641e+03 3.385966e+02 1.079706e+03 6.718873e-02 8.471701e-01 -8.776185e-02 -4.369070e-02 3.740479e+00
7.662886e+03 2.981802e+02 1.353415e+03 7.784402e-02 6.984300e-01 -1.391060e-01 -4.436825e-02 3.055433e+00
7.818042e+03 3.119808e+02 6.475925e+02 4.132908e-03 1.644044e-02 -9.555927e-02 2.501402e-02 1.506877e+00
7.279774e+03 3.420345e+02 7.599665e+02 5.683294e-01 4.542181e-01 -8.667983e-02 2.880410e-02 2.267362e+00
7.523579e+03 2.625407e+02 1.067270e+03 8.339722e-01 4.106750e-01 -5.617966e-03 -1.385345e-02 2.990266e+00
7.518548e+03 2.590710e+02 9.923435e+02 3.438046e-01 3.654738e-02 -1.351664e-02 1.937286e-03 1.954857e+00
7.565292e+03 3.448473e+02 1.479316e+03 5.939400e-01 2.955017e-01 -6.116698e-04 4.158549e-02 2.352555e+00
7.816771e+03 2.572402e+02 1.628602e+03 5.071465e-01 5.661168e-01 1.211796e-01 -1.468824e-02 2.916179e+00
7.838537e+03 3.356867e+02 8.920388e+02 5.950157e-01 9.820338e-01 1.245373e-02 6.103221e-03 4.444393e+00
7.921962e+03 2.546508e+02 1.334271e+03 9.105786e-01 8.465539e-01 1.479304e-01 2.918117e-02 2.996180e+00
7.596404e+03 2.938067e+02 7.420761e+02 9.368581e-01 7.314842e-01 1.196133e-01 -1.337319e-02 2.641188e+00
7.371356e+03 3.412947e+02 9.874584e+02 4.529532e-01 2.199661e-01 -7.182928e-02 2.573859e-02 1.980559e+00
7.663292e+03 2.711677e+02 5.276529e+02 1.065960e-01 1.247422e-01 -1.729755e-01 1.085181e-02 1.413012e+00
7.913251e+03 2.535989e+02 1.063090e+03 9.307386e-01 2.990445e-01 -1.386170e-01 -4.867717e-02 1.619847e+00
7.317968e+03 2.866006e+02 1.430856e+03 5.907481e-01 4.019564e-02 -1.202309e-01 3.044915e-02 1.444973e+00
7.957982e+03 2.778114e+02 7.967974e+02 8.414245e-01 8.940622e-01 5.978267e-03 2.719785e-02 3.477800e+00
7.909744e+03 2.999157e+02 6.372377e+02 6.391413e-01 4.536015e-01 -1.496498e-04 -3.679370e-03 2.788277e+00
7.827467e+03 3.087083e+02 8.051157e+02 2.562511e-01 3.734365e-01 -1.452699e-01 -7.902870e-03 1.993991e+00
7.771409e+03 3.039566e+02 6.947812e+02 9.166030e-01 3.789861e-01 -1.365162e-02 -2.422787e-02 2.442325e+00
7.351563e+03 3.132359e+02 1.175587e+03 5.857992e-01 9.953058e-01 1.714633e-01 5.027102e-02 3.292579e+00
7.604619e+03 3.321255e+02 1.155599e+03 4.279212e-01 9.650763e-01 -1.088146e-01 2.262285e-02 3.718939e+00
7.822946e+03 3.113283e+02 6.313577e+02 1.673696e-01 3.430886e-01 -2.048203e-02 -4.293477e-02 2.379945e+00
7.917472e+03 2.578519e+02 5.215702e+02 5.087787e-01 6.387279e-02 -1.102489e-02 -1.041828e-02 1.864000e+00
7.982920e+03 3.378549e+02 1.034100e+03 7.572400e-01 1.921223e-05 1.109857e-01 2.972748e-02 1.230911e+00
7.828266e+03 3.434994e+02 6.323540e+02 1.330994e-01 4.751866e-01 -1.271748e-01 -2.237743e-02 2.189301e+00
7.457666e+03 2.715945e+02 1.095092e+03 9.328171e-01 4.734005e-01 7.765890e-02 -3.787192e-02 2.516772e+00
7.220487e+03 2.858345e+02 6.397258e+02 6.662211e-01 4.618169e-01 -1.672064e-01 1.330849e-02 1.949414e+00
7.232247e+03 2.682272e+02 1.521087e+03 9.955068e-02 2.845788e-01 -1.603263e-01 -1.899685e-02 2.122572e+00
7.855775e+03 3.196637e+02 1.592658e+03 3.333440e-01 8.507238e-01 1.733004e-01 -4.071246e-02 3.326149e+00
7.872735e+03 3.312630e+02 6.271694e+02 5.418070e-01 5.925160e-01 -5.388218e-02 1.068265e-02 2.653679e+00
7.641345e+03 3.025538e+02 8.413656e+02 6.852532e-01 9.461167e-01 -1.500684e-01 1.134736e-02 3.119359e+00
7.269703e+03 3.104667e+02 1.257094e+03 4.999268e-01 7.002759e-01 3.303037e-03 2.032270e-02 3.853624e+00
7.248595e+03 3.108675e+02 7.330790e+02 6.628959e-01 1.385304e-01 8.240269e-02 -2.351664e-02 1.673913e+00
7.221513e+03 2.829682e+02 1.265178e+03 8.727409e-01 9.161057e-01 7.037878e-02 1.222829e-02 4.034554e+00
7.969366e+03 3.098156e+02 8.125630e+02 4.318819e-01 8.660559e-02 -3.946779e-02 -5.123685e-02 1.669384e+00
7.368462e+03 2.956217e+02 1.050660e+03 4.018291e-01 5.438041e-01 1.607639e-01 -1.453501e-02 2.457859e+00
7.856402e+03 3.015046e+02 1.478861e+03 3.224842e-01 4.771752e-01 1.642281e-01 4.875219e-03 2.413121e+00
7.429968e+03 2.515644e+02 1.224494e+03 8.568827e-01 6.108842e-01 1.106445e-01 -2.448989e-02 2.849233e+00
7.647333e+03 2.564025e+02 1.495540e+03 7.182697e-01 7.282314e-01 6.286573e-02 2.321409e-02 3.509512e+00
7.548041e+03 3.343983e+02 1.163555e+03 4.501374e-01 5.721976e-01 -1.007470e-01 5.433673e-03 2.823459e+00
7.701352e+03 3.436312e+02 1.415658e+03 7.796411e-01 8.005672e-01 1.471246e-01 4.559528e-02 2.961498e+00
7.517114e+03 2.519129e+02 1.547463e+03 2.432492e-01 9.643217e-01 5.699427e-03 -4.396034e-02 5.295606e+00
7.723304e+03 3.307545e+02 1.574184e+03 4.098789e-01 5.932557e-01 1.199741e-01 -2.724109e-02 3.029307e+00
7.601744e+03 2.753716e+02 8.165718e+02 8.426098e-01 8.056247e-01 9.888976e-02 -1.503444e-02 3.071687e+00
7.258154e+03 2.930945e+02 1.568776e+03 9.148059e-01 7.986652e-01 8.610778e-02 -4.776701e-02 3.808516e+00
7.619921e+03 3.332316e+02 1.325748e+03 7.842328e-02 2.867926e-01 -1.067242e-01 2.305657e-02 2.165576e+00
7.776082e+03 2.672038e+02 1.285783e+03 6.247771e-02 7.418000e-01 -3.924238e-02 -3.276620e-02 4.202694e+00
7.934395e+03 3.131664e+02 1.221218e+03 2.067027e-02 6.967747e-01 6.971897e-02 -7.750991e-03 3.550930e+00
7.531455e+03 3.440588e+02 1.389893e+03 1.437973e-01 3.627982e-01 -4.341993e-02 4.245826e-02 2.598663e+00
7.482752e+03 3.086162e+02 7.122482e+02 7.864393e-01 5.998808e-01 4.026870e-02 -3.692522e-02 2.938810e+00
7.399119e+03 2.811942e+02 1.368366e+03 7.957541e-01 1.958585e-01 1.268023e-01 1.725362e-02 1.725130e+00
7.958667e+03 3.176348e+02 1.215657e+03 5.811181e-02 9.624992e-02 -1.428917e-01 -1.566521e-02 1.578097e+00
7.760950e+03 3.254788e+02 1.415156e+03 3.100236e-01 5.872505e-01 1.360283e-02 -2.167505e-02 4.014836e+00
7.360381e+03 3.476723e+02 1.483484e+03 3.650222e-02 3.169847e-01 1.553710e-01 -4.486511e-02 2.103291e+00
7.487933e+03 3.105691e+02 7.867008e+02 3.181228e-01 6.015590e-01 -7.605678e-02 2.609761e-02 2.714995e+00
7.477630e+03 2.826186e+02 1.204136e+03 5.196919e-01 6.909045e-01 1.116559e-01 6.862035e-03 3.077181e+00
7.833112e+03 2.986889e+02 1.575399e+03 5.771625e-02 5.151626e-01 1.959656e-02 3.978527e-02 3.122819e+00
7.591845e+03 2.822353e+02 1.623192e+03 7.041257e-01 7.583129e-01 3.459352e-02 -8.752463e-03 4.411781e+00
7.824107e+03 3.309805e+02 1.146673e+03 7.126339e-01 2.414065e-01 1.284769e-01 -2.973601e-02 1.755512e+00
7.928222e+03 3.139805e+02 6.146738e+02 6.322202e-01 7.071207e-01 -9.640275e-02 -1.766690e-02 2.686796e+00
7.202988e+03 3.026854e+02 1.399179e+03 6.758113e-01 1.281501e-01 -1.867581e-02 -4.001941e-02 2.076258e+00
7.357874e+03 3.271953e+02 9.570565e+02 7.712465e-01 4.428979e-01 -1.415807e-02 -6.348625e-03 3.017653e+00
7.935190e+03 2.659459e+02 7.049745e+02 2.272339e-01 1.887717e-01 1.294632e-01 2.100672e-02 1.637957e+00
7.354041e+03 3.292413e+02 1.085827e+03 9.858618e-01 8.347849e-01 1.543138e-01 4.508082e-02 2.779880e+00
7.635167e+03 3.115426e+02 5.729013e+02 8.436854e-01 8.855589e-01 1.133809e-02 3.990628e-02 3.059671e+00
7.804852e+03 3.242018e+02 1.425282e+03 8.735905e-01 5.860200e-02 -1.663994e-02 -1.957929e-03 1.827285e+00
7.798050e+03 3.331439e+02 1.376625e+03 3.586957e-02 2.270147e-01 1.615951e-02 3.020767e-02 2.375526e+00
7.831474e+03 3.248917e+02 1.535910e+03 8.392596e-02 9.993683e-01 -9.676391e-02 -3.438324e-02 4.519741e+00
7.426684e+03 3.285311e+02 9.451073e+02 9.679471e-01 2.212713e-01 4.918037e-02 -1.587759e-02 1.923064e+00
7.911190e+03 2.595171e+02 1.232052e+03 7.140301e-01 1.699339e-01 -9.343341e-02 9.971932e-03 1.751317e+00
7.466732e+03 3.218865e+02 1.410801e+03 5.425260e-01 3.102511e-01 1.724500e-01 -2.317370e-02 1.961361e+00
7.300818e+03 2.927294e+02 6.121721e+02 7.691312e-01 9.599865e-01 -1.406561e-01 3.766053e-02 2.864143e+00
7.565681e+03 2.819804e+02 1.292493e+03 8.714434e-01 9.808218e-01 -7.627079e-02 1.859556e-02 4.018179e+00
7.888481e+03 2.511424e+02 1.694601e+03 6.822528e-03 2.287435e-01 -9.398212e-02 -3.995929e-02 2.193789e+00
7.275860e+03 3.253623e+02 1.679485e+03 9.894499e-02 7.353596e-01 -9.074762e-02 -3.874131e-02 3.945253e+00
7.774471e+03 3.462548e+02 1.544811e+03 9.630780e-01 3.663776e-01 -2.707931e-03 3.533902e-02 2.408359e+00
7.812485e+03 3.238439e+02 8.982574e+02 9.734851e-01 6.424864e-01 1.417624e-01 -3.804838e-02 2.341371e+00
7.669381e+03 2.607651e+02 1.565080e+03 4.966354e-01 5.918931e-01 -1.609133e-01 -1.267890e-02 2.779610e+00
7.595182e+03 2.514723e+02 8.797492e+02 7.649269e-01 6.115528e-02 1.700026e-01 -4.496107e-02 1.112744e+00
7.857083e+03 3.007126e+02 8.543065e+02 5.276617e-01 9.117260e-01 1.133942e-01 -8.804662e-03 3.329884e+00
7.587153e+03 2.758310e+02 1.688096e+03 4.916430e-01 7.378639e-01 1.589876e-01 1.430253e-02 3.175983e+00
7.924466e+03 2.968698e+02 5.623466e+02 2.366237e-01 6.296698e-02 1.375643e-01 -4.905765e-02 1.244717e+00
7.508015e+03 2.734973e+02 7.689918e+02 3.874783e-01 3.758687e-01 -1.586832e-01 5.760295e-03 1.926219e+00
7.920481e+03 2.708388e+02 6.386649e+02 5.322078e-01 4.944028e-01 3.902254e-02 -4.771437e-02 2.533060e+00
7.766151e+03 3.303595e+02 1.340180e+03 9.892462e-01 6.701307e-01 -7.330790e-02 -7.633830e-04 3.158901e+00
7.893910e+03 2.751448e+02 1.219347e+03 3.497828e-01 9.579351e-01 1.357636e-01 -2.227518e-02 3.689068e+00
7.664467e+03 3.114227e+02 1.661716e+03 1.944025e-01 1.234888e-01 -1.110315e-01 2.733613e-02 1.803511e+00
7.500806e+03 2.884639e+02 1.627968e+03 3.530764e-01 7.085367e-01 -1.589045e-01 -2.707446e-02 3.196328e+00
7.803112e+03 3.460735e+02 1.485654e+03 6.556982e-01 7.377936e-02 9.964006e-02 4.099524e-02 1.532809e+00
7.501743e+03 2.506853e+02 6.296217e+02 7.674495e-01 4.034562e-01 6.245993e-02 2.624399e-02 2.106594e+00
7.572553e+03 2.744035e+02 8.839883e+02 8.279213e-01 5.869691e-01 -3.624457e-02 5.070717e-02 2.552073e+00
7.926960e+03 3.190542e+02 1.391548e+03 3.325328e-01 8.426476e-01 1.536852e-01 4.743227e-03 3.339779e+00
7.945428e+03 2.953050e+02 8.368272e+02 6.433325e-01 4.113682e-01 -6.189258e-02 -3.386982e-02 2.391319e+00
7.763508e+03 2.648181e+02 8.707329e+02 9.413548e-01 3.698198e-01 -2.201980e-02 3.212777e-02 2.149936e+00
7.716452e+03 3.406779e+02 1.440611e+03 6.106557e-01 6.180279e-01 -1.064514e-01 5.002544e-03 2.994103e+00
7.791073e+03 2.640245e+02 6.642332e+02 3.869649e-01 2.680708e-01 -1.053734e-01 -3.330419e-03 1.860426e+00
7.690241e+03 3.290554e+02 1.152410e+03 2.857546e-02 2.648859e-01 9.098061e-02 3.440699e-02 2.074813e+00
7.563254e+03 2.874907e+02 1.493447e+03 2.371719e-01 5.280948e-01 1.303202e-01 2.441395e-02 2.679848e+00
7.234869e+03 3.151173e+02 6.023883e+02 1.774507e-01 5.216850e-01 -1.644294e-01 1.103561e-02 2.164316e+00
7.577055e+03 3.283835e+02 6.906457e+02 2.178385e-01 3.521505e-01 -3.255826e-02 1.795931e-02 2.407065e+00
7.950899e+03 3.247961e+02 9.757843e+02 6.076037e-01 3.066710e-01 5.523474e-02 -4.251570e-02 2.211924e+00
7.666434e+03 3.318107e+02 9.374504e+02 9.727650e-01 4.961845e-01 -1.115510e-01 -4.202985e-02 2.163391e+00
7.830351e+03 2.945933e+02 8.607071e+02 8.346866e-01 4.450427e-01 -9.272640e-02 2.212766e-02 2.137020e+00
7.907761e+03 2.951893e+02 9.012881e+02 6.335437e-01 1.844653e-01 -1.489403e-01 -5.045118e-02 1.418972e+00
7.629544e+03 2.840721e+02 1.324571e+03 6.633872e-01 6.493248e-02 8.164488e-02 3.358393e-02 1.562173e+00
7.787643e+03 2.675133e+02 1.450452e+03 1.055280e-01 7.482236e-01 7.436123e-02 -9.695610e-04 3.821866e+00
7.807931e+03 3.472696e+02 1.267791e+03 3.706842e-01 8.268451e-01 -2.539125e-02 -4.953534e-02 4.172194e+00
7.657647e+03 2.615164e+02 1.183059e+03 4.581519e-01 5.698810e-01 -1.058124e-01 3.338013e-02 2.631875e+00
7.475221e+03 2.933090e+02 1.190148e+03 4.746554e-01 9.987190e-01 1.371654e-01 -1.741576e-02 3.856105e+00
7.751853e+03 3.068243e+02 1.514682e+03 1.181843e-01 8.872332e-01 -1.018672e-01 3.235683e-03 4.032436e+00
7.921551e+03 2.631317e+02 6.999381e+02 8.202966e-01 3.827679e-01 1.372017e-01 2.283345e-03 1.818736e+00
7.926247e+03 2.783586e+02 7.460732e+02 5.495145e-01 8.828896e-01 -4.673814e-02 -4.649015e-02 3.650298e+00
7.510568e+03 2.839819e+02 1.469238e+03 5.304672e-01 4.516908e-01 -8.466535e-02 4.062014e-02 2.553088e+00
7.414072e+03 3.195728e+02 1.550882e+03 6.518764e-01 9.229714e-01 1.423073e-01 5.135430e-02 3.463908e+00
7.283189e+03 3.424721e+02 6.173465e+02 3.098257e-01 4.623740e-01 1.850741e-02 2.328041e-02 2.636930e+00
7.259018e+03 2.879620e+02 1.572793e+03 4.437763e-01 5.618799e-01 -5.217665e-02 -1.555593e-02 3.674485e+00
7.308729e+03 3.018085e+02 7.091382e+02 8.914812e-02 9.506080e-01 -1.141916e-01 1.327138e-02 3.416466e+00
7.760798e+03 2.586774e+02 1.307718e+03 3.571790e-01 4.076836e-01 3.013637e-02 4.897181e-02 2.526191e+00
7.862381e+03 3.215210e+02 9.548816e+02 3.385372e-01 2.912702e-01 1.152298e-01 -9.534424e-03 1.981261e+00
7.685188e+03 2.557309e+02 1.329097e+03 3.137983e-01 7.928484e-01 1.288454e-01 -4.630435e-03 3.395835e+00
7.956171e+03 2.907757e+02 1.378447e+03 3.568320e-01 7.010340e-01 7.546216e-02 -1.880651e-02 3.553846e+00
7.699720e+03 2.832905e+02 1.181175e+03 5.793391e-01 1.683591e-01 1.203736e-01 2.343677e-02 1.667205e+00
7.500049e+03 2.761462e+02 1.533793e+03 1.314984e-01 9.725891e-01 1.098308e-01 2.827468e-02 4.122596e+00
7.293569e+03 2.757118e+02 9.848270e+02 4.681789e-01 9.214339e-01 -1.369441e-01 4.296107e-02 3.214771e+00
7.444206e+03 3.170432e+02 1.246669e+03 9.218158e-01 1.600193e-01 -1.158861e-01 -4.264009e-02 1.509161e+00
7.669818e+03 3.417141e+02 1.655291e+03 4.459197e-01 5.503973e-01 -1.037458e-01 -3.681616e-02 3.011580e+00
7.403459e+03 3.106029e+02 1.087002e+03 6.116203e-01 6.639376e-01 -2.165016e-02 4.180104e-02 3.128459e+00
7.911556e+03 2.623789e+02 6.782343e+02 5.986463e-01 2.828886e-01 1.166985e-01 2.935301e-02 1.726558e+00
7.869399e+03 2.575266e+02 5.179115e+02 2.076446e-01 1.118426e-01 -6.093071e-02 -6.786883e-03 1.763567e+00
7.544345e+03 3.495658e+02 7.728344e+02 8.295552e-01 8.238177e-01 -1.932731e-02 2.791642e-02 3.353999e+00
7.595651e+03 2.541355e+02 1.098319e+03 4.648642e-01 5.473588e-01 -1.729985e-02 8.361633e-03 3.322050e+00
7.592728e+03 2.998216e+02 1.282402e+03 2.471060e-01 3.352211e-01 1.085166e-01 2.629055e-03 2.293141e+00
7.867441e+03 3.496889e+02 1.460006e+03 1.955236e-02 5.589016e-01 1.579694e-01 -5.047586e-02 2.566487e+00
7.288477e+03 2.731017e+02 1.014403e+03 9.404207e-01 5.203016e-01 -1.552602e-01 -1.493482e-02 2.237913e+00
7.399520e+03 3.043495e+02 1.534608e+03 9.751945e-01 4.559447e-01 1.240891e-01 4.277707e-02 2.233387e+00
7.263839e+03 2.637671e+02 1.693872e+03 2.239634e-02 3.491338e-01 1.018658e-01 -2.136619e-02 2.678256e+00
7.847104e+03 3.443980e+02 1.427401e+03 3.290212e-02 7.629099e-01 -1.423083e-01 -2.878663e-02 3.322609e+00
7.852131e+03 3.302468e+02 5.817299e+02 8.936698e-01 3.802711e-01 9.780867e-02 1.967912e-02 1.807857e+00
7.728618e+03 2.905327e+02 1.538934e+03 6.141159e-01 2.100171e-01 6.259744e-02 5.241442e-03 2.147042e+00
7.908250e+03 3.164200e+02 5.949115e+02 6.925910e-01 1.577206e-01 4.520243e-02 -1.258157e-03 1.764642e+00
7.210170e+03 3.060334e+02 1.669074e+03 4.327202e-01 8.418402e-02 -6.721333e-02 -3.485637e-02 1.921556e+00
7.996131e+03 3.202336e+02 1.523363e+03 5.063615e-01 3.305113e-01 -1.654663e-01 -3.666371e-02 1.953382e+00
7.994885e+03 3.135324e+02 6.865457e+02 2.483113e-01 8.037249e-01 7.575955e-02 -4.130367e-02 3.178867e+00
7.557515e+03 3.088019e+02 1.031469e+03 7.419929e-02 3.647326e-01 9.290589e-02 3.600062e-02 2.247816e+00
7.407566e+03 3.479319e+02 1.581908e+03 5.805699e-01 7.644591e-01 2.399087e-02 -4.881450e-02 4.339031e+00
7.788558e+03 2.885710e+02 1.543427e+03 5.212337e-01 1.479678e-01 -1.397886e-01 2.316971e-03 1.679932e+00
7.226070e+03 2.787359e+02 6.596217e+02 2.189816e-01 8.154030e-02 4.109408e-02 4.941974e-02 1.711585e+00
7.899115e+03 2.882676e+02 1.473803e+03 3.233593e-01 8.208452e-02 7.265782e-02 -3.757221e-02 1.799473e+00
7.381316e+03 2.799429e+02 1.660182e+03 5.663000e-03 4.229067e-03 -3.837667e-02 4.850702e-02 1.754479e+00
7.543949e+03 3.407825e+02 1.056690e+03 1.805836e-01 9.179782e-01 2.992398e-02 5.204335e-02 3.748910e+00
7.451605e+03 3.023174e+02 1.068950e+03 8.915267e-01 2.079211e-01 8.313365e-03 -1.615287e-02 2.291540e+00
7.923863e+03 3.391753e+02 5.684340e+02 8.249813e-01 8.498102e-01 8.073836e-02 3.249582e-02 2.746209e+00
7.395924e+03 3.449512e+02 8.659039e+02 5.060309e-02 2.750590e-01 8.863213e-02 3.394476e-04 2.143138e+00
7.828806e+03 2.713790e+02 1.100840e+03 8.127255e-01 6.678905e-01 8.668973e-03 1.420275e-02 3.440053e+00
7.556582e+03 3.272514e+02 1.559508e+03 3.859625e-01 5.978442e-01 -1.821082e-02 7.341336e-03 3.885812e+00
7.634139e+03 3.062180e+02 5.504977e+02 3.922743e-01 2.739448e-02 -2.472935e-02 2.292938e-02 1.688824e+00
7.423456e+03 3.278225e+02 1.076488e+03 1.166571e-01 9.429434e-01 -5.748231e-02 -2.313853e-02 4.571399e+00
7.951439e+03 3.282649e+02 1.027012e+03 7.920060e-01 4.956730e-01 5.415427e-02 1.667746e-03 2.664758e+00
7.307639e+03 2.942936e+02 8.937628e+02 6.847892e-02 8.211505e-01 7.793075e-02 5.130816e-02 3.237080e+00
7.660660e+03 2.706961e+02 7.073222e+02 9.063073e-01 6.867415e-01 -3.218003e-02 -5.810082e-03 3.140728e+00
7.228642e+03 3.070682e+02 8.034555e+02 7.029473e-01 6.974143e-01 -3.657843e-03 -5.018016e-02 3.296466e+00
7.964801e+03 3.346451e+02 9.483960e+02 3.278357e-01 8.934606e-01 8.664329e-02 -4.155393e-02 3.558586e+00
7.727333e+03 2.526424e+02 1.559942e+03 1.283986e-02 9.259550e-01 1.028953e-02 -3.577702e-02 5.331518e+00
7.941308e+03 3.166624e+02 6.274065e+02 1.194191e-01 5.395747e-01 -1.600839e-01 -2.810285e-02 2.158195e+00
7.688167e+03 3.325427e+02 1.649667e+03 1.495248e-01 4.664433e-01 -7.543886e-02 -2.527245e-02 3.135957e+00
7.905354e+03 2.681189e+02 1.406550e+03 3.519755e-01 4.125465e-01 -5.429369e-02 -3.038681e-02 2.901437e+00
7.578655e+03 2.527895e+02 1.131934e+03 3.373135e-01 2.629062e-01 1.392242e-01 -2.674853e-02 1.913510e+00
7.488350e+03 2.980484e+02 1.647512e+03 8.252191e-01 1.894518e-01 8.628739e-02 2.525279e-02 1.886290e+00
7.551662e+03 3.444318e+02 1.104426e+03 5.339136e-01 7.195352e-01 1.466284e-01 -4.184967e-02 2.817192e+00
7.840905e+03 3.107024e+02 7.816254e+02 8.780205e-01 7.212164e-01 -8.642915e-02 -8.397506e-03 2.830395e+00
7.521134e+03 3.351884e+02 1.249118e+03 6.256568e-01 5.441523e-02 -2.128893e-02 4.945949e-02 1.634730e+00
7.981646e+03 3.333684e+02 1.090336e+03 6.126658e-02 4.485782e-01 2.240147e-02 6.758428e-03 3.040856e+00
7.761778e+03 3.158272e+02 5.926228e+02 8.630300e-01 7.105414e-02 1.667654e-01 2.998601e-02 1.104934e+00
7.739445e+03 2.911298e+02 7.510452e+02 1.908200e-01 9.015324e-01 -9.432884e-02 8.737916e-03 3.372767e+00
7.278797e+03 3.211220e+02 1.343512e+03 5.102239e-01 1.586638e-01 -4.025830e-02 -4.981103e-02 2.070494e+00
7.908997e+03 3.237768e+02 1.010263e+03 6.597403e-01 1.452504e-01 9.617109e-02 -4.036724e-03 1.662018e+00
7.481624e+03 2.538126e+02 1.200254e+03 1.618213e-01 4.021894e-01 1.006425e-02 3.075238e-02 2.764560e+00
7.555464e+03 3.471900e+02 8.256617e+02 2.502151e-01 4.380974e-01 5.400402e-02 9.899951e-03 2.584769e+00
7.752897e+03 2.904371e+02 7.946233e+02 6.087220e-01 1.373319e-01 -8.415017e-02 -3.447806e-02 1.628375e+00
7.687906e+03 2.611373e+02 9.819389e+02 6.576952e-01 3.258759e-01 1.770265e-02 -5.145984e-02 2.299947e+00
7.316776e+03 2.504881e+02 6.559898e+02 9.773287e-01 5.956378e-01 1.330743e-01 -1.098869e-02 2.224575e+00
7.525982e+03 2.503562e+02 1.500041e+03 3.961641e-02 8.756661e-01 -2.331150e-02 -1.104495e-02 5.259783e+00
7.756725e+03 2.728319e+02 8.289620e+02 3.465452e-01 7.843631e-01 9.344623e-02 3.452594e-02 2.956856e+00
7.691641e+03 3.464852e+02 1.488428e+03 7.535840e-01 7.872161e-01 -1.072027e-01 4.619844e-03 3.470302e+00
7.623399e+03 2.703792e+02 5.469649e+02 4.724911e-01 5.889281e-01 1.119936e-01 3.703821e-02 2.225304e+00
7.404959e+03 3.130316e+02 1.189646e+03 9.605380e-01 3.201239e-01 1.493976e-01 -5.736420e-03 1.820279e+00
7.377877e+03 2.842901e+02 1.054543e+03 8.708885e-01 7.469091e-01 7.616261e-02 3.083636e-03 3.288455e+00
7.283439e+03 3.134124e+02 1.695492e+03 9.189986e-01 4.389258e-02 -1.724873e-01 -9.805842e-03 1.230739e+00
7.947156e+03 3.010570e+02 1.276737e+03 6.540475e-01 1.174458e-01 1.437259e-01 -3.082196e-02 1.467587e+00
7.882793e+03 3.245915e+02 1.600513e+03 5.172530e-01 6.929763e-01 1.385307e-01 -8.323813e-03 3.138069e+00
7.447174e+03 2.908779e+02 1.240980e+03 7.324290e-01 9.400588e-02 1.352140e-01 -3.224360e-02 1.416365e+00
7.571447e+03 2.870768e+02 1.121682e+03 1.158981e-01 6.852031e-01 3.727854e-02 -1.119609e-02 3.895764e+00
7.724555e+03 2.838301e+02 1.502046e+03 1.590945e-01 2.194179e-02 1.597880e-02 4.603501e-02 1.756494e+00
7.380535e+03 3.359112e+02 8.453581e+02 9.528670e-01 6.741737e-01 -9.863164e-02 3.031225e-02 2.566223e+00
7.534990e+03 3.036939e+02 9.641070e+02 9.744346e-02 2.809101e-01 4.177068e-02 -2.330815e-02 2.569123e+00
7.344874e+03 3.198202e+02 1.377230e+03 9.116409e-01 1.764131e-01 -1.234569e-01 1.578983e-02 1.625633e+00
7.448654e+03 2.846058e+02 8.141727e+02 1.608751e-01 4.671167e-01 1.705666e-01 -7.497525e-03 2.165690e+00
7.447702e+03 3.397772e+02 1.629659e+03 1.883476e-01 2.670291e-01 7.386136e-02 4.229088e-02 2.299816e+00
7.328905e+03 2.629512e+02 1.605112e+03 2.150340e-01 9.246975e-01 1.620669e-01 -2.954122e-02 3.890722e+00
7.562026e+03 3.178961e+02 1.278506e+03 9.989940e-01 2.929068e-01 1.587560e-01 -2.108067e-02 1.694876e+00
7.393393e+03 2.588638e+02 1.105753e+03 9.025296e-01 7.797654e-01 -8.614165e-02 9.526554e-03 3.277040e+00
7.449364e+03 2.547101e+02 1.585026e+03 3.527239e-01 4.804897e-01 1.677989e-01 3.130221e-02 2.413506e+00
7.306259e+03 2.628377e+02 8.950017e+02 4.513014e-01 6.950919e-01 1.397484e-01 -4.970715e-02 2.675381e+00
7.658682e+03 2.583101e+02 1.333679e+03 2.496565e-01 6.266237e-01 -1.098255e-01 -4.553784e-02 2.993037e+00
7.450767e+03 3.181354e+02 6.594077e+02 3.938855e-01 8.296528e-01 5.689866e-02 -4.095615e-02 3.480619e+00
7.339660e+03 2.896443e+02 1.517887e+03 1.047465e-01 7.949241e-01 -8.805465e-03 3.322448e-03 4.981947e+00
7.356811e+03 2.743434e+02 1.196229e+03 8.474240e-01 9.685666e-01 -5.687619e-02 -3.830232e-02 4.482509e+00
7.661469e+03 3.499837e+02 9.799063e+02 4.388613e-01 6.053731e-01 -8.843935e-02 -2.892723e-02 2.919808e+00
7.651030e+03 2.746532e+02 6.363225e+02 3.264277e-01 6.115966e-01 1.700650e-02 -1.717062e-02 3.341260e+00
7.310699e+03 3.143806e+02 1.281624e+03 2.411764e-01 1.758306e-01 7.602568e-04 -4.027429e-02 2.362617e+00
7.469846e+03 3.031185e+02 1.138339e+03 7.151559e-02 9.109068e-02 -2.299805e-03 -3.398782e-02 2.167624e+00
7.471380e+03 3.481500e+02 1.548476e+03 8.659213e-01 6.559938e-01 5.295717e-02 -5.134742e-02 3.603261e+00
7.975006e+03 3.398522e+02 1.077901e+03 3.734383e-01 6.082850e-01 9.130387e-02 3.604507e-02 2.695110e+00
7.250499e+03 3.469321e+02 6.257904e+02 7.919254e-01 2.130440e-01 8.341707e-02 3.320753e-02 1.642070e+00
7.567442e+03 2.647851e+02 8.492939e+02 8.585763e-01 2.898321e-01 -7.271740e-02 1.994386e-03 1.960451e+00
7.769198e+03 2.909039e+02 6.806956e+02 5.913223e-01 5.392287e-02 1.512589e-01 8.937305e-04 1.258915e+00
7.587469e+03 2.698012e+02 6.524222e+02 4.844317e-01 5.302719e-01 1.644211e-01 -3.652866e-02 2.075502e+00
7.470622e+03 3.367575e+02 1.397069e+03 3.808227e-01 9.814914e-01 5.514399e-02 4.066126e-02 4.296805e+00
7.962962e+03 2.795836e+02 1.542496e+03 8.553628e-01 6.657988e-01 -1.245926e-01 -1.869106e-02 2.979623e+00
7.438563e+03 2.790090e+02 7.672908e+02 8.305938e-01 8.304424e-01 1.191942e-01 3.809430e-02 2.767530e+00
7.736463e+03 2.663697e+02 1.497496e+03 7.203362e-01 2.781039e-01 -4.306380e-03 -2.390935e-02 2.797218e+00
7.536977e+03 2.854062e+02 1.237349e+03 5.616359e-01 3.549602e-01 -9.766871e-02 2.862659e-02 2.199968e+00
7.583561e+03 3.173463e+02 6.911159e+02 6.196798e-01 4.909282e-01 -1.104713e-01 3.403615e-02 2.125767e+00
7.265173e+03 2.646368e+02 1.615352e+03 2.168959e-01 5.634943e-01 -1.401828e-01 3.941550e-02 2.772224e+00
7.567028e+03 3.207931e+02 1.145368e+03 8.611748e-01 1.043250e-02 1.380464e-01 4.840051e-02 1.160354e+00
7.224778e+03 2.512975e+02 1.603514e+03 2.134192e-01 6.729466e-01 -4.092712e-02 1.756226e-02 3.981886e+00
7.929751e+03 3.099071e+02 1.291685e+03 4.419553e-01 1.318325e-01 -1.082762e-01 -3.605741e-02 1.666861e+00
7.442795e+03 3.419128e+02 1.061746e+03 1.559429e-01 1.030095e-01 -1.480070e-01 1.377490e-02 1.561419e+00
7.782196e+03 2.765838e+02 5.831475e+02 1.512251e-01 7.183933e-01 1.031063e-01 4.192175e-02 2.577891e+00
7.527985e+03 2.574393e+02 1.186981e+03 9.705761e-01 9.048190e-01 -9.221381e-02 4.386323e-02 3.283262e+00
7.315179e+03 2.661814e+02 7.907296e+02 2.930507e-01 9.027333e-01 1.455866e-01 -3.543613e-02 3.165147e+00
7.412454e+03 3.009024e+02 1.035401e+03 4.752389e-01 7.910922e-01 -2.753710e-02 -4.805986e-02 3.930693e+00
7.690495e+03 2.570678e+02 8.812733e+02 2.682093e-01 6.805251e-01 1.657832e-01 -3.071479e-02 2.586182e+00
7.593962e+03 2.702029e+02 6.237618e+02 2.471446e-02 1.339937e-01 1.572043e-01 -3.115771e-02 1.464630e+00
7.789825e+03 2.754201e+02 9.889744e+02 9.463725e-01 2.113329e-01 3.378571e-02 -4.962337e-03 1.976340e+00
7.585516e+03 3.182166e+02 1.419554e+03 5.357603e-01 7.908042e-01 -2.893630e-02 -3.323714e-02 4.526396e+00
7.996922e+03 3.214427e+02 8.824972e+02 4.770877e-01 4.347537e-01 -3.172524e-03 -4.950849e-02 2.567718e+00
7.796290e+03 3.487210e+02 7.654498e+02 5.205359e-02 8.967407e-01 -2.849190e-02 5.891295e-03 4.016551e+00
7.367446e+03 3.180440e+02 5.763512e+02 3.778587e-01 8.155198e-01 9.545404e-02 -1.996667e-02 3.075543e+00
7.211016e+03 3.483259e+02 8.746240e+02 2.885334e-01 4.813866e-01 -6.341766e-02 -3.957998e-03 2.816216e+00
7.960480e+03 3.304711e+02 5.329931e+02 9.904915e-01 3.359821e-03 -1.445001e-01 3.742449e-02 9.049883e-01
7.975264e+03 3.201220e+02 1.000908e+03 3.626525e-01 1.148065e-01 1.713221e-01 1.849478e-02 1.429187e+00
7.682704e+03 2.621926e+02 1.375184e+03 8.365643e-01 5.242607e-01 3.332102e-02 -1.032165e-02 3.290486e+00
7.969626e+03 2.843633e+02 5.217962e+02 6.166426e-01 6.516441e-01 6.693059e-02 4.337313e-03 2.590361e+00
7.840502e+03 2.894600e+02 1.586292e+03 1.367047e-01 2.817645e-01 1.246176e-01 -1.393208e-02 2.181112e+00
7.355362e+03 2.652484e+02 9.252715e+02 7.411468e-01 7.609373e-01 5.466556e-02 7.692908e-03 3.394669e+00
7.891110e+03 2.797710e+02 1.571297e+03 9.291084e-01 3.226291e-01 1.698185e-01 -1.428520e-02 1.858905e+00
7.244917e+03 2.592793e+02 1.517140e+03 6.670217e-01 2.933340e-02 -1.807584e-03 1.689273e-02 1.841639e+00
7.758500e+03 3.004681e+02 9.598577e+02 8.684869e-01 7.099387e-01 1.554644e-02 -7.623407e-03 3.695146e+00
7.661641e+03 2.658240e+02 8.483758e+02 6.239924e-01 2.978088e-01 -5.574369e-02 3.478808e-02 2.037562e+00
7.974363e+03 2.719109e+02 1.413841e+03 9.012238e-02 6.073972e-02 6.732545e-02 -2.793821e-02 1.869286e+00
7.772770e+03 2.619258e+02 1.673393e+03 8.041151e-01 2.832222e-01 1.444086e-01 -1.977570e-02 1.962818e+00
7.295711e+03 2.915806e+02 5.768169e+02 4.836014e-01 2.636799e-01 3.158604e-02 3.877667e-02 2.000240e+00
7.585810e+03 3.177124e+02 1.357116e+03 1.712641e-01 5.427736e-01 -3.641457e-02 -3.057336e-02 3.623207e+00
7.425678e+03 3.064424e+02 8.001513e+02 9.538134e-01 7.831220e-01 -6.144299e-02 2.246451e-02 3.028514e+00
7.370428e+03 3.021424e+02 1.225413e+03 5.749481e-01 9.859530e-01 -1.300839e-01 1.568244e-02 3.752930e+00
7.866766e+03 2.779254e+02 7.781811e+02 2.752311e-01 6.003299e-01 -9.203480e-02 3.676918e-02 2.507748e+00
7.533207e+03 3.418032e+02 1.028037e+03 7.275471e-01 5.980318e-01 -1.522091e-01 4.436196e-02 2.314509e+00
7.507339e+03 3.183298e+02 1.578482e+03 8.675481e-02 9.880167e-02 1.387798e-01 5.063741e-02 1.633893e+00
7.509133e+03 3.280702e+02 9.432410e+02 2.461715e-01 1.815288e-02 -8.392898e-02 2.701733e-02 1.535349e+00
7.536244e+03 2.863768e+02 1.351576e+03 2.329814e-01 5.190115e-01 -2.673445e-02 -1.802010e-02 3.664114e+00
7.980584e+03 2.581182e+02 1.198267e+03 2.541373e-01 1.348575e-02 -2.088321e-02 2.952819e-02 1.767760e+00
7.491327e+03 3.317519e+02 1.052233e+03 3.118055e-01 8.080516e-01 -1.263394e-02 5.675587e-03 4.298104e+00
7.967333e+03 3.299409e+02 7.789317e+02 5.697940e-01 4.521248e-01 -6.556340e-02 -2.537142e-02 2.492509e+00
7.973259e+03 3.096075e+02 5.543258e+02 9.993184e-01 2.945019e-01 -1.623492e-01 -6.495841e-03 1.395693e+00
7.328386e+03 3.032320e+02 1.336739e+03 1.871810e-01 3.004835e-01 3.235243e-02 8.119406e-03 2.723932e+00
7.966496e+03 2.798745e+02 7.215606e+02 5.444517e-01 4.406313e-01 -8.011327e-03 4.771697e-02 2.246441e+00
7.236959e+03 2.530973e+02 6.563678e+02 2.652315e-02 4.766597e-01 -7.229736e-02 -1.602701e-02 2.636855e+00
7.819648e+03 3.049206e+02 6.624929e+02 3.306632e-01 9.032582e-01 -1.665309e-01 -8.903040e-03 2.904714e+00
7.993917e+03 2.700899e+02 5.629153e+02 1.760487e-01 4.261425e-01 1.283014e-01 -4.702571e-02 1.922487e+00
7.321756e+03 2.762511e+02 1.289184e+03 8.629926e-01 8.145616e-01 -7.419709e-02 4.414733e-02 3.358752e+00
7.205383e+03 2.664784e+02 1.211463e+03 2.676970e-01 9.280495e-01 4.830181e-02 1.250572e-02 4.489765e+00
7.985036e+03 3.005281e+02 1.056926e+03 4.490038e-01 4.978932e-01 5.729229e-02 1.265347e-02 2.739132e+00
7.549367e+03 3.220041e+02 1.222572e+03 2.094336e-01 6.026749e-01 -4.121060e-02 2.816183e-02 3.261762e+00
7.877344e+03 3.341493e+02 5.638114e+02 5.525527e-01 7.065416e-01 -1.620451e-01 -3.350646e-02 2.332338e+00
7.611675e+03 3.486703e+02 7.452001e+02 4.673282e-01 9.125136e-01 -1.077979e-01 1.226357e-02 3.232927e+00
7.922793e+03 3.012745e+02 1.293593e+03 2.297093e-01 6.769835e-01 -1.575619e-01 1.699742e-02 2.794303e+00
7.280758e+03 3.467400e+02 1.335934e+03 3.857041e-02 1.361770e-01 1.288627e-02 -5.196581e-02 2.139880e+00
7.931735e+03 2.614196e+02 1.163873e+03 1.985782e-01 2.667187e-01 2.683112e-02 3.650893e-02 2.285687e+00
7.252160e+03 3.257057e+02 1.691566e+03 6.289673e-01 5.135742e-01 1.814174e-02 5.217575e-02 2.965350e+00
7.748774e+03 2.867637e+02 9.184335e+02 4.530207e-01 9.260911e-01 1.072455e-01 2.538939e-02 3.331837e+00
7.786387e+03 3.109753e+02 1.314033e+03 5.129460e-02 7.537821e-01 -9.120183e-02 -3.625521e-02 3.591836e+00
7.558959e+03 2.696507e+02 1.227272e+03 8.084465e-01 2.288259e-02 1.128234e-01 1.362200e-02 1.317100e+00
7.588697e+03 3.208304e+02 1.664915e+03 9.800964e-01 6.614318e-01 2.952785e-02 1.672893e-02 3.639045e+00
7.417978e+03 2.513423e+02 1.492290e+03 2.197385e-01 1.296460e-02 -1.536864e-01 1.783653e-02 1.408859e+00
7.325205e+03 2.887327e+02 1.395808e+03 2.905276e-01 4.919331e-01 -1.183972e-03 1.441213e-02 3.415101e+00
7.421116e+03 3.484282e+02 8.672153e+02 1.385331e-01 8.557853e-01 1.448881e-01 -3.761894e-02 3.125179e+00
7.696447e+03 3.326334e+02 5.161876e+02 9.287299e-01 5.257653e-01 -1.294790e-01 4.864855e-02 1.855549e+00
7.689587e+03 2.876104e+02 1.551840e+03 6.748403e-01 4.280152e-01 1.631096e-01 4.074477e-03 2.259246e+00
7.902504e+03 2.684168e+02 5.077800e+02 5.712353e-01 3.266836e-01 1.909528e-02 1.235831e-02 2.204339e+00
7.767806e+03 3.150454e+02 8.567788e+02 9.787479e-01 8.354320e-01 -9.274520e-03 3.949025e-02 3.131935e+00
7.336417e+03 3.156660e+02 1.071731e+03 8.025141e-01 7.939879e-01 1.229610e-01 3.399616e-02 2.956754e+00
7.398312e+03 3.393307e+02 1.554261e+03 6.043322e-01 1.027911e-03 -1.360821e-01 4.010115e-02 1.314804e+00
7.897212e+03 2.531867e+02 7.956576e+02 8.090283e-01 9.001571e-01 -6.281286e-02 -3.550828e-02 3.565424e+00
7.320276e+03 3.475738e+02 1.119031e+03 6.366465e-01 9.605930e-01 -1.471436e-01 3.301017e-02 3.361588e+00
7.759542e+03 2.591454e+02 1.061569e+03 6.314433e-01 2.240261e-01 1.002860e-01 -3.456830e-02 1.822825e+00
7.392750e+03 2.580392e+02 1.505052e+03 7.420403e-01 4.207221e-01 1.411264e-01 1.924200e-02 2.272752e+00
7.806931e+03 3.222587e+02 8.015717e+02 1.375119e-01 3.218441e-01 1.138819e-01 3.100752e-02 1.964075e+00
7.203615e+03 2.955992e+02 7.139327e+02 9.979795e-01 5.753239e-01 -1.327288e-01 1.314538e-02 2.167366e+00
7.267920e+03 3.001399e+02 8.775236e+02 6.976144e-01 5.602082e-01 1.060388e-01 -2.592729e-02 2.596299e+00
7.674745e+03 2.803362e+02 1.138498e+03 3.846597e-01 8.013726e-01 -1.279334e-01 -1.093144e-03 3.261052e+00
7.393948e+03 3.269639e+02 1.164993e+03 7.198076e-01 4.359310e-01 1.064062e-01 -1.697622e-02 2.429134e+00
7.925282e+03 2.620950e+02 7.897158e+02 7.238034e-03 4.098914e-01 7.056538e-02 -2.856655e-03 2.467253e+00
7.530907e+03 3.024725e+02 1.321243e+03 2.028265e-01 1.772782e-01 -4.425264e-02 -2.994597e-02 2.361214e+00
7.315292e+03 2.993949e+02 1.650901e+03 9.578585e-01 5.856562e-01 -7.788700e-02 2.483038e-02 3.023490e+00
7.271745e+03 3.371168e+02 7.372969e+02 5.156294e-01 5.145334e-01 1.008521e-01 -2.958004e-03 2.447216e+00
7.673676e+03 2.997648e+02 6.940889e+02 5.843855e-01 6.580686e-01 -1.701546e-01 1.385770e-04 2.365662e+00
7.745163e+03 2.740572e+02 9.662439e+02 3.899126e-01 8.811839e-02 -1.036359e-01 -3.595361e-02 1.536067e+00
7.722051e+03 2.844458e+02 8.660600e+02 6.202028e-01 5.792967e-01 -6.917178e-02 -2.203804e-02 2.859454e+00
7.919666e+03 2.748057e+02 1.161397e+03 6.246260e-01 2.774624e-01 9.440458e-02 4.265558e-03 2.019711e+00
7.372526e+03 2.777558e+02 1.126742e+03 2.587476e-01 7.864729e-01 -4.211103e-02 -4.230626e-02 4.144516e+00
7.765430e+03 3.042965e+02 1.296887e+03 5.137761e-01 6.174305e-01 1.508374e-01 -3.003588e-02 2.699957e+00
7.331503e+03 2.662808e+02 1.370768e+03 1.469639e-01 8.223961e-01 1.393822e-01 -8.646919e-03 3.590664e+00
7.440709e+03 3.389960e+02 6.336553e+02 4.939637e-01 1.948418e-01 -1.295641e-01 -2.431104e-02 1.597090e+00
7.352223e+03 3.162365e+02 1.457411e+03 2.202975e-01 8.987354e-01 1.116907e-02 -2.419184e-03 5.394188e+00
7.889147e+03 3.191034e+02 1.302628e+03 1.269184e-01 5.107325e-01 -6.036896e-02 -3.411820e-02 3.149470e+00
7.572909e+03 3.263914e+02 9.005466e+02 9.832289e-01 3.117397e-01 -2.159546e-02 -3.567354e-02 2.209471e+00
7.333622e+03 3.288206e+02 1.117667e+03 9.492641e-01 4.631882e-01 -8.527752e-02 -4.595048e-02 2.412510e+00
7.542762e+03 3.377663e+02 1.327938e+03 2.516630e-01 8.259810e-01 7.931051e-02 -1.640682e-02 4.034472e+00
7.479811e+03 2.872624e+02 8.042116e+02 6.887920e-01 7.855355e-01 -7.731264e-02 -7.214014e-03 3.240481e+00
7.489439e+03 3.160342e+02 7.709993e+02 7.103220e-01 3.451359e-01 1.181582e-01 -4.418124e-02 1.842489e+00
7.461217e+03 3.118106e+02 1.228994e+03 1.526697e-01 4.726585e-01 1.051595e-01 -3.770674e-02 2.659039e+00
7.388576e+03 3.152974e+02 8.586641e+02 1.938464e-01 9.956713e-02 6.020608e-02 -1.080583e-02 1.890386e+00
7.515631e+03 2.952803e+02 1.597669e+03 4.706374e-01 6.574225e-01 1.515388e-01 4.585853e-02 2.811526e+00
7.737105e+03 2.599462e+02 6.829643e+02 3.248727e-01 5.650435e-01 -8.316994e-02 -6.830508e-03 2.613304e+00
7.842464e+03 3.295678e+02 1.074569e+03 5.778704e-01 8.609864e-01 3.641369e-02 4.991934e-02 3.437230e+00
7.293958e+03 3.452090e+02 9.270804e+02 8.158550e-01 7.753540e-01 6.001265e-02 -7.358692e-03 3.514407e+00
7.747109e+03 2.923953e+02 7.759907e+02 3.000139e-02 1.560398e-01 -6.373741e-02 -1.201899e-02 1.979673e+00
7.431460e+03 2.509858e+02 9.988181e+02 4.692866e-01 4.103886e-02 1.629827e-01 -3.552081e-03 1.321297e+00
7.644199e+03 3.400392e+02 1.066237e+03 1.081213e-01 2.250390e-01 2.494094e-02 -5.103613e-02 2.250571e+00
7.254718e+03 3.121984e+02 7.297863e+02 9.095461e-01 1.014102e-01 1.595996e-01 3.756100e-02 1.188604e+00
7.378637e+03 2.992508e+02 1.026023e+03 1.538858e-01 2.384855e-01 -8.871370e-02 -9.685400e-03 2.127758e+00
7.244526e+03 2.518393e+02 1.206625e+03 7.384657e-01 3.487043e-01 2.315129e-02 -4.405240e-02 2.648348e+00
7.323367e+03 3.322502e+02 1.301382e+03 2.101755e-01 5.549313e-01 6.331401e-02 -3.852765e-03 3.322046e+00
7.554684e+03 3.188212e+02 9.513352e+02 7.315734e-01 4.130334e-01 -5.695300e-02 -4.315741e-02 2.477579e+00
7.454186e+03 2.921360e+02 5.862500e+02 4.212743e-01 4.548318e-02 -1.224637e-02 -3.974116e-02 1.675283e+00
7.499567e+03 2.800888e+02 1.449908e+03 6.842720e-01 3.131451e-01 -7.039808e-02 3.849534e-02 2.216549e+00
7.222515e+03 3.365184e+02 1.516223e+03 4.608901e-01 2.089766e-01 1.013308e-01 -2.457727e-02 2.102895e+00
7.814710e+03 2.922003e+02 1.508817e+03 6.265178e-01 8.612660e-01 -7.513754e-02 -9.259016e-03 4.118693e+00
7.538326e+03 2.969504e+02 1.410635e+03 6.476414e-02 6.536844e-01 1.440890e-01 3.981223e-02 2.862966e+00
7.916462e+03 2.520342e+02 7.645850e+02 1.722311e-01 8.165335e-01 -4.678390e-02 3.234151e-02 3.301036e+00
7.291654e+03 3.446863e+02 1.134697e+03 7.936160e-01 3.955599e-02 -1.716443e-01 3.236285e-02 1.184420e+00
7.285241e+03 3.080710e+02 9.189144e+02 2.827128e-01 4.001912e-01 -3.985382e-02 2.413362e-02 2.591200e+00
7.336804e+03 2.563810e+02 9.904291e+02 5.257070e-01 3.963654e-01 -1.616521e-01 8.057134e-03 2.048385e+00
7.811628e+03 2.906078e+02 6.657472e+02 9.829829e-01 8.174440e-01 -1.042839e-01 -2.824968e-04 2.761249e+00
7.560150e+03 2.895753e+02 7.638227e+02 6.507795e-01 9.143450e-01 -4.751495e-02 -5.069587e-02 3.771951e+00
7.456830e+03 3.328285e+02 1.452481e+03 2.859782e-01 3.677665e-01 -1.679552e-01 -3.476142e-02 2.160115e+00
7.406192e+03 2.521511e+02 1.626549e+03 2.236243e-01 5.415666e-01 2.286797e-02 1.609194e-02 3.665573e+00
7.257419e+03 2.954937e+02 1.323703e+03 6.914856e-01 3.176592e-02 -1.050365e-01 3.568675e-02 1.418604e+00
7.394499e+03 3.243512e+02 1.556447e+03 7.059280e-01 5.292174e-01 7.125501e-02 -1.680642e-02 3.205648e+00
7.918757e+03 2.871537e+02 1.005251e+03 6.951296e-01 9.672959e-01 1.476035e-01 2.640250e-02 3.178997e+00
7.627835e+03 2.522579e+02 9.067272e+02 7.883377e-01 2.572650e-02 -1.542303e-01 -4.505090e-02 1.071976e+00
7.837418e+03 2.693521e+02 8.727843e+02 7.355581e-01 7.443874e-01 -3.793542e-02 2.875499e-02 3.140427e+00
7.879419e+03 3.491970e+02 1.271087e+03 4.023909e-01 1.557167e-02 -6.490731e-02 -5.587468e-03 1.643733e+00
7.333399e+03 3.200865e+02 7.535317e+02 2.397706e-01 6.125929e-01 1.183377e-02 4.725621e-02 2.808200e+00
7.294629e+03 3.422577e+02 1.020029e+03 4.421080e-02 9.073387e-01 -1.194459e-01 -1.168521e-02 3.724844e+00
7.520765e+03 3.357004e+02 1.620925e+03 6.689342e-01 7.265273e-02 -1.889195e-02 4.601573e-03 2.025809e+00
7.600195e+03 3.074261e+02 9.700027e+02 3.253710e-01 8.542720e-01 -2.785643e-02 4.594808e-02 3.531038e+00
7.710265e+03 2.920888e+02 1.284703e+03 7.237898e-01 9.204121e-02 1.126473e-01 -4.891991e-02 1.408751e+00
7.659998e+03 3.314186e+02 5.870532e+02 9.421884e-01 1.155278e-01 1.036203e-01 -4.307205e-02 1.198791e+00
7.390371e+03 2.633408e+02 5.000059e+02 2.604329e-01 5.184926e-01 2.219942e-02 -3.929642e-02 2.756560e+00
7.938636e+03 2.796461e+02 1.362212e+03 9.625669e-01 9.103377e-01 8.223723e-02 5.021804e-02 3.320676e+00
7.494365e+03 3.300422e+02 9.421283e+02 5.558247e-02 7.391007e-01 -1.393029e-01 1.033227e-03 2.991261e+00
7.952458e+03 2.984407e+02 1.280641e+03 7.178787e-01 9.055064e-01 2.606485e-02 3.292740e-02 3.961924e+00
7.231242e+03 2.855415e+02 1.434854e+03 6.787378e-01 6.592486e-01 -6.437994e-03 -1.686096e-02 4.392497e+00
7.719737e+03 3.128242e+02 1.344304e+03 5.994792e-01 9.841779e-01 -1.722441e-01 -5.011096e-02 3.460699e+00
7.614324e+03 2.576346e+02 1.444673e+03 5.168149e-01 8.487076e-01 -1.649225e-01 -2.093354e-02 3.398647e+00
7.525437e+03 3.266285e+02 8.961042e+02 3.759568e-01 2.141664e-01 9.370661e-03 -3.991479e-04 2.433014e+00
7.862928e+03 2.982758e+02 5.295514e+02 9.998694e-04 1.749459e-01 4.254228e-02 2.472439e-02 1.946168e+00
7.552602e+03 2.935676e+02 1.491082e+03 7.601891e-01 6.500019e-01 7.829127e-03 -3.839144e-02 3.905860e+00
7.236379e+03 3.147523e+02 1.589490e+03 5.186015e-01 4.945608e-02 -1.165662e-01 -2.775957e-02 1.546317e+00
7.553500e+03 3.490521e+02 6.575843e+02 3.219574e-01 5.572093e-01 1.404459e-01 3.259223e-02 2.205161e+00
7.743040e+03 3.078848e+02 1.524586e+03 3.507289e-01 2.366939e-01 6.185836e-02 -1.172594e-03 2.350784e+00
7.266808e+03 2.861123e+02 9.393636e+02 2.450897e-01 8.848752e-01 -9.818408e-02 -2.821726e-02 3.725806e+00
7.335589e+03 2.704419e+02 9.277895e+02 8.869039e-02 2.655995e-01 1.495209e-01 -2.191192e-02 1.883784e+00
7.927753e+03 2.679373e+02 1.313412e+03 1.668502e-01 6.838422e-01 1.639885e-01 1.515699e-02 2.806450e+00
7.389297e+03 2.709474e+02 1.142007e+03 8.604084e-01 9.742531e-01 3.138862e-02 4.733550e-02 3.832062e+00
7.517758e+03 2.794786e+02 1.589922e+03 5.581629e-01 8.629913e-01 1.295372e-01 -4.568713e-02 3.669976e+00
7.516216e+03 3.339986e+02 9.676216e+02 6.563058e-01 6.450945e-01 2.740459e-02 2.405727e-02 3.182900e+00
7.713969e+03 2.649594e+02 5.654960e+02 8.961874e-01 1.481907e-01 -1.483709e-01 4.419482e-02 1.249407e+00
7.401488e+03 3.315812e+02 8.644583e+02 3.348730e-01 4.172228e-01 -1.335064e-01 4.686446e-02 2.057712e+00
7.918368e+03 2.594089e+02 1.658282e+03 3.452723e-01 2.886558e-01 -6.962311e-03 2.960570e-03 2.928249e+00
7.795904e+03 3.416997e+02 1.519192e+03 1.230871e-01 7.156145e-01 3.206949e-02 2.076971e-02 3.951513e+00
7.801111e+03 3.251517e+02 1.193428e+03 9.793453e-01 4.567842e-01 1.255894e-01 -8.095024e-03 2.183875e+00
7.235900e+03 2.977948e+02 1.141888e+03 7.581621e-01 7.955624e-01 -3.503195e-02 2.456086e-02 3.751965e+00
7.793266e+03 3.137254e+02 5.100375e+02 8.898973e-01 3.471002e-02 -1.592344e-01 -2.052403e-02 9.922636e-01
7.959534e+03 2.548226e+02 1.480933e+03 5.895384e-01 2.508709e-01 -1.375096e-01 -2.800521e-02 1.884226e+00
7.569466e+03 3.386764e+02 1.402239e+03 1.542619e-01 9.480767e-01 -7.909616e-02 -3.379472e-02 4.518238e+00
7.382812e+03 2.755949e+02 1.319506e+03 5.725976e-01 3.553589e-01 -3.195432e-02 4.634554e-02 2.433761e+00
7.249200e+03 3.116944e+02 1.288207e+03 5.651406e-01 7.685264e-01 4.560624e-03 5.153845e-02 3.496721e+00
7.402395e+03 2.689314e+02 8.425697e+02 1.129000e-01 1.510307e-01 5.179432e-02 4.327146e-02 1.902261e+00
7.835927e+03 3.264549e+02 1.269513e+03 8.138319e-01 9.754522e-01 1.692976e-01 -3.956885e-02 3.337909e+00
7.696894e+03 3.270653e+02 7.039895e+02 2.995072e-01 8.069090e-02 -5.609578e-02 -2.712672e-02 1.783520e+00
7.722927e+03 3.492618e+02 7.174873e+02 3.947856e-01 5.094921e-01 6.364536e-02 1.305060e-02 2.532016e+00
7.452686e+03 2.881821e+02 1.073473e+03 4.614701e-01 2.302042e-01 8.362092e-02 2.138875e-02 1.982474e+00
7.885864e+03 3.193349e+02 1.262053e+03 8.465156e-02 8.912658e-01 7.722264e-02 -1.234118e-02 4.122611e+00
7.367037e+03 2.710357e+02 1.261376e+03 8.751514e-01 8.452784e-01 5.955862e-02 -1.827077e-02 4.085469e+00
7.681511e+03 3.415924e+02 9.914373e+02 4.951651e-01 6.589926e-02 -9.606728e-02 3.710069e-02 1.502566e+00
7.615861e+03 2.687123e+02 1.172758e+03 2.352392e-01 4.186136e-01 -1.246267e-01 -3.983353e-02 2.311869e+00
7.936756e+03 3.102936e+02 5.888288e+02 3.445864e-01 8.412752e-01 -1.708554e-01 2.510906e-02 2.587991e+00
7.715941e+03 2.869134e+02 1.573854e+03 2.387351e-01 2.570930e-01 -1.069704e-01 2.725487e-02 2.105344e+00
7.480024e+03 3.430563e+02 1.030203e+03 3.365139e-02 6.320380e-01 -1.079360e-01 -3.161073e-02 2.985929e+00
7.581595e+03 2.914784e+02 1.365728e+03 2.599653e-01 8.976783e-01 7.822607e-02 1.914434e-02 4.031776e+00
7.421866e+03 3.165831e+02 1.095496e+03 8.073615e-01 4.448259e-01 -8.565144e-02 1.637472e-02 2.396884e+00
7.695123e+03 3.149068e+02 5.582057e+02 4.339450e-01 8.994223e-01 7.001624e-02 -3.310483e-02 3.371711e+00
7.801910e+03 2.691324e+02 9.499049e+02 4.391208e-01 2.010549e-01 9.831559e-02 -5.159121e-02 1.724399e+00
7.754842e+03 2.889694e+02 1.110912e+03 3.690702e-01 8.511178e-02 -1.012903e-01 3.268100e-02 1.594827e+00
7.652819e+03 3.228788e+02 1.644052e+03 3.420624e-01 5.223031e-01 8.759238e-02 -2.035314e-02 3.156612e+00
7.273683e+03 2.976685e+02 1.059331e+03 7.135499e-01 4.191569e-01 -1.435705e-01 -1.893731e-02 2.163866e+00
7.408785e+03 2.949818e+02 7.308507e+02 2.426455e-01 6.668780e-01 -1.021051e-01 -1.950480e-02 2.879117e+00
7.712153e+03 2.602583e+02 1.433133e+03 2.742015e-02 2.392223e-02 -1.577864e-01 4.140377e-02 1.415374e+00
7.988814e+03 3.050902e+02 7.357377e+02 9.936917e-01 5.826363e-01 -1.102495e-01 -4.997669e-02 2.148996e+00
7.436296e+03 2.501199e+02 1.025393e+03 7.783296e-01 4.307195e-01 -7.192047e-02 -4.019592e-02 2.467400e+00
7.798990e+03 2.558200e+02 6.990596e+02 9.569517e-01 9.909736e-01 -1.042857e-02 -1.595832e-02 4.254222e+00
7.880471e+03 3.185497e+02 6.841947e+02 7.595717e-01 6.070132e-01 8.888240e-03 -5.120001e-02 2.730402e+00
7.335111e+03 2.815210e+02 1.593807e+03 2.530443e-01 3.826102e-02 3.591834e-02 5.151147e-02 1.764511e+00
7.227819e+03 2.978792e+02 1.298113e+03 7.444162e-01 4.412430e-01 -1.163538e-02 2.842179e-02 2.834207e+00
7.846193e+03 2.841685e+02 1.248276e+03 8.929598e-01 5.814649e-01 -1.265414e-01 5.553088e-03 2.540005e+00
7.613127e+03 3.433653e+02 1.016007e+03 4.268088e-01 9.349836e-01 5.910547e-02 3.183552e-02 3.770989e+00
7.581983e+03 3.293430e+02 7.885832e+02 5.386184e-01 5.784466e-01 -1.183962e-01 4.791216e-02 2.292841e+00
7.628328e+03 2.561213e+02 5.042015e+02 2.803841e-01 3.762082e-01 1.560866e-01 4.873816e-02 1.750496e+00
7.486395e+03 3.376575e+02 9.767018e+02 5.667861e-01 5.383210e-01 4.869719e-02 5.208885e-02 2.612993e+00
7.804315e+03 2.812475e+02 1.244510e+03 5.466552e-02 2.437543e-02 1.141469e-01 -4.912390e-02 1.420741e+00
7.461740e+03 2.912390e+02 5.257861e+02 7.720900e-01 8.805201e-01 -1.385492e-01 5.003102e-02 2.550932e+00
7.310393e+03 2.587322e+02 1.091619e+03 1.229232e-01 3.687733e-01 2.826418e-02 -2.696591e-02 3.058007e+00
7.859600e+03 3.426846e+02 9.992437e+02 5.125670e-01 5.967425e-01 6.060604e-02 3.720072e-02 2.749535e+00
7.514197e+03 2.987056e+02 5.887428e+02 4.159140e-01 5.011062e-01 -1.150998e-02 -1.284304e-02 3.015582e+00
7.708274e+03 2.560102e+02 1.558150e+03 9.383833e-01 5.635257e-02 1.025840e-01 1.297235e-02 1.383273e+00
7.529335e+03 2.630209e+02 9.860488e+02 3.961507e-01 1.866080e-01 7.651476e-02 3.365255e-02 1.862411e+00
7.826900e+03 2.550803e+02 8.900359e+02 2.141713e-01 3.344303e-01 -3.439639e-02 1.648235e-02 2.451889e+00
7.539675e+03 2.873676e+02 1.254837e+03 6.021216e-01 5.172105e-01 -9.159767e-02 4.257095e-02 2.545032e+00
7.864468e+03 2.967785e+02 5.192843e+02 2.314792e-01 1.139600e-01 -1.351653e-01 2.197353e-02 1.456421e+00
7.601156e+03 2.864227e+02 1.686517e+03 8.591609e-01 1.797762e-01 1.058955e-02 -1.939441e-02 2.446570e+00
7.262052e+03 2.774781e+02 1.358698e+03 3.065503e-01 1.666236e-01 5.316086e-02 4.093885e-02 2.043287e+00
7.848838e+03 2.549919e+02 5.980707e+02 1.757862e-01 1.046193e-01 4.052233e-03 -3.522548e-02 1.933714e+00
7.453585e+03 3.235809e+02 8.227822e+02 1.503834e-01 3.277307e-01 3.998199e-02 -3.487675e-02 2.559153e+00
7.983954e+03 3.335942e+02 1.567217e+03 7.845923e-01 5.594021e-01 4.723921e-02 3.384594e-02 2.970270e+00
7.229365e+03 3.075513e+02 1.007242e+03 1.418198e-01 7.789214e-01 -6.227746e-02 -1.538029e-02 3.883998e+00
7.223775e+03 3.184586e+02 1.058561e+03 2.224557e-01 8.659976e-01 1.531728e-01 9.185459e-03 3.322285e+00
7.459658e+03 3.260949e+02 7.156249e+02 9.649420e-01 8.925542e-01 3.826033e-02 -3.639344e-02 3.720146e+00
7.338145e+03 2.627249e+02 5.750152e+02 8.503600e-01 6.855747e-02 -5.647566e-02 1.709586e-02 1.433134e+00
7.590223e+03 3.085741e+02 1.607234e+03 9.610150e-01 7.450700e-01 -6.869291e-02 2.708591e-02 3.444167e+00
7.997830e+03 2.701197e+02 6.292980e+02 7.118941e-01 7.675479e-01 1.605241e-01 7.879654e-03 2.464435e+00
7.359513e+03 2.910563e+02 1.383138e+03 1.241575e-01 6.841365e-01 -3.063402e-02 -1.378093e-02 4.324589e+00
7.740824e+03 2.808684e+02 1.023480e+03 6.027981e-02 3.893564e-01 5.230596e-02 3.056764e-02 2.509566e+00
7.200255e+03 3.117178e+02 1.260716e+03 3.291660e-01 3.399323e-02 1.735941e-01 4.906828e-02 1.330081e+00
7.810527e+03 3.229304e+02 5.363630e+02 2.870772e-01 9.736272e-01 -1.323535e-01 -2.911897e-02 3.074402e+00
7.370043e+03 2.577290e+02 1.068762e+03 7.516893e-01 3.903080e-01 -1.670605e-01 2.208060e-02 1.933128e+00
7.486482e+03 3.008095e+02 1.697910e+03 7.806122e-01 5.035515e-01 -1.465408e-01 1.453493e-02 2.545196e+00
7.463054e+03 2.604608e+02 1.127976e+03 4.045593e-01 4.310077e-01 1.307745e-01 1.518664e-02 2.285030e+00
7.883815e+03 3.395205e+02 1.590931e+03 5.378124e-01 8.778812e-01 2.767459e-02 -3.424001e-02 4.920665e+00
7.972214e+03 3.458266e+02 7.627843e+02 3.951668e-01 6.364078e-01 -5.096733e-02 -3.421316e-03 3.047135e+00
7.584529e+03 2.931498e+02 1.258036e+03 8.164344e-01 3.029389e-01 -1.695481e-01 -2.747492e-02 1.788123e+00
7.386182e+03 2.616927e+02 8.756305e+02 9.379282e-01 2.422228e-01 -1.558162e-01 -1.300233e-02 1.524553e+00
7.733278e+03 2.500313e+02 8.302847e+02 5.752837e-01 3.094254e-01 -7.502546e-02 2.759349e-02 2.019331e+00
7.822374e+03 3.296399e+02 1.048741e+03 5.621520e-01 1.163449e-01 -1.408762e-01 -1.421907e-02 1.494200e+00
7.277464e+03 2.767605e+02 1.407447e+03 7.620636e-01 1.538405e-01 -4.458940e-02 4.128127e-03 2.048778e+00
7.726199e+03 2.690114e+02 1.314867e+03 5.043906e-01 2.295216e-01 -1.534438e-01 3.316576e-02 1.735996e+00
7.493378e+03 3.297561e+02 1.510660e+03 7.488153e-01 6.213190e-01 7.345543e-02 9.066801e-03 3.255776e+00
7.326755e+03 3.013055e+02 7.078108e+02 9.893983e-03 7.366619e-01 1.519814e-01 -3.905780e-02 2.717036e+00
7.631946e+03 3.370326e+02 6.463407e+02 8.198033e-02 2.063776e-01 1.065754e-01 3.067043e-02 1.756360e+00
7.672363e+03 3.205889e+02 1.289694e+03 7.615504e-01 3.952167e-01 1.253095e-01 -4.276029e-02 2.125904e+00
7.989747e+03 3.252997e+02 1.009561e+03 8.054394e-01 3.760767e-02 -1.415677e-01 -3.285011e-02 1.158893e+00
7.844084e+03 2.635026e+02 1.600255e+03 9.477076e-01 4.213944e-01 -1.598645e-01 2.483689e-03 2.135895e+00
7.570917e+03 2.716399e+02 1.384454e+03 6.613605e-01 7.109652e-01 1.618526e-01 -4.823898e-02 2.829758e+00
7.779731e+03 2.608399e+02 9.339482e+02 5.486418e-01 1.873981e-01 -1.192329e-01 2.657162e-02 1.647954e+00
7.211382e+03 2.694007e+02 1.033201e+03 4.126026e-01 4.243018e-01 7.483364e-02 -4.303426e-02 2.596308e+00
7.575345e+03 2.856703e+02 1.632777e+03 2.837459e-01 2.072534e-02 4.643472e-02 3.671165e-02 1.748355e+00
7.873902e+03 3.431102e+02 1.424394e+03 4.791645e-01 3.396879e-01 -1.581662e-02 2.354679e-02 2.650732e+00
7.346623e+03 3.020994e+02 6.931410e+02 1.587018e-01 3.983074e-01 -3.333709e-02 1.116817e-02 2.600029e+00
7.340057e+03 2.585045e+02 1.468303e+03 6.764013e-01 9.791513e-01 5.575301e-02 -1.457734e-02 4.964712e+00
7.786671e+03 2.996329e+02 5.525814e+02 6.475184e-01 1.350314e-01 -7.768804e-02 -2.124144e-02 1.578762e+00
7.559890e+03 2.626622e+02 1.103240e+03 6.890535e-01 8.277354e-01 -1.676986e-01 -4.369604e-03 3.039452e+00
7.817349e+03 2.601664e+02 8.104048e+02 7.564840e-01 9.972151e-01 -5.991374e-03 1.393572e-02 4.171665e+00
7.439740e+03 2.539472e+02 1.167409e+03 6.863241e-01 3.243007e-01 5.872472e-02 -2.408968e-02 2.473166e+00
7.504492e+03 2.970908e+02 1.636526e+03 4.559376e-01 8.324702e-01 1.707925e-01 -2.279929e-02 3.480871e+00
7.425563e+03 2.632679e+02 1.474882e+03 5.769075e-01 2.514541e-01 -4.958881e-02 -6.950379e-03 2.456153e+00
7.468764e+03 2.552282e+02 1.013026e+03 4.570723e-01 5.772659e-01 1.046672e-01 -3.743064e-02 2.718465e+00
7.813413e+03 2.775372e+02 1.112448e+03 5.038279e-01 5.007770e-01 8.412969e-02 -2.729228e-03 2.674175e+00
7.418790e+03 3.489289e+02 1.011706e+03 5.886732e-01 8.917061e-02 -1.609478e-01 -4.733093e-02 1.270820e+00
7.785010e+03 3.465291e+02 1.680147e+03 5.833550e-01 4.165689e-01 1.361111e-01 7.152875e-03 2.386917e+00
7.528680e+03 2.733882e+02 1.392149e+03 2.004712e-01 9.086500e-01 5.672217e-02 -4.364550e-02 4.614493e+00
7.612009e+03 3.345407e+02 1.364978e+03 4.131978e-01 1.186933e-01 4.794874e-02 -6.069151e-03 2.061470e+00
7.702978e+03 3.110034e+02 1.349397e+03 2.863608e-01 4.273587e-02 1.320273e-01 -4.173085e-02 1.405399e+00
7.943289e+03 2.793014e+02 5.185763e+02 6.965267e-01 4.088406e-01 -2.270777e-02 -2.313573e-03 2.403293e+00
7.557753e+03 3.000445e+02 6.062374e+02 4.983407e-01 4.793125e-02 -4.843370e-02 -4.079531e-02 1.560093e+00
7.454982e+03 2.782988e+02 1.613170e+03 1.651991e-01 8.584761e-01 -1.304289e-01 -2.495094e-02 3.930703e+00
7.963812e+03 2.768002e+02 1.217330e+03 3.726422e-01 9.705496e-02 1.454699e-01 -3.195267e-03 1.515668e+00
7.342052e+03 3.122669e+02 5.430742e+02 3.011550e-01 9.154339e-01 -1.277370e-01 4.044153e-02 2.876308e+00
7.752459e+03 2.732346e+02 9.847989e+02 3.906548e-01 4.393035e-01 -1.418674e-01 -3.364103e-02 2.168115e+00
7.503851e+03 2.814677e+02 1.458109e+03 4.800087e-01 6.544344e-01 -8.264525e-02 -3.214149e-02 3.484292e+00
7.386637e+03 2.540308e+02 1.372009e+03 8.640245e-01 7.030322e-01 1.685971e-01 -3.360673e-02 2.806423e+00
7.764510e+03 3.210351e+02 1.147297e+03 7.557766e-01 5.648221e-01 -1.133338e-01 -7.284153e-03 2.619025e+00
7.215894e+03 3.071467e+02 6.750073e+02 5.923228e-01 5.210598e-02 -1.411810e-01 4.806521e-02 1.279279e+00
7.290598e+03 3.126706e+02 1.051685e+03 5.052764e-01 3.859869e-01 -1.348902e-01 2.001731e-02 2.114466e+00
7.899574e+03 3.038549e+02 5.845065e+02 3.644597e-01 2.438138e-01 9.566239e-02 -1.182986e-02 1.813283e+00
7.281539e+03 3.168567e+02 9.459511e+02 8.742086e-01 7.325872e-01 1.633791e-01 -3.255103e-02 2.657229e+00
7.950263e+03 2.688022e+02 1.697417e+03 2.713724e-01 8.866373e-01 1.173824e-01 -5.180994e-02 3.838617e+00
7.850924e+03 2.771956e+02 1.021499e+03 8.018384e-01 6.819236e-01 -1.213067e-01 2.015120e-02 2.637206e+00
7.718911e+03 3.362949e+02 1.373010e+03 4.898830e-01 3.839332e-01 -5.184644e-02 -1.780078e-02 2.831812e+00
7.261007e+03 2.750202e+02 7.875752e+02 4.785121e-01 7.111420e-01 5.001034e-02 -1.000040e-02 3.439155e+00
7.344777e+03 2.941177e+02 1.668000e+03 3.476259e-01 5.333596e-01 1.325070e-01 -1.185037e-02 2.921983e+00
7.616074e+03 3.125033e+02 1.674009e+03 9.690076e-01 4.710449e-01 -1.000173e-01 2.383079e-02 2.499571e+00
7.350542e+03 2.973189e+02 1.670881e+03 4.715994e-01 4.657865e-02 -4.118879e-03 3.421258e-02 1.840440e+00
7.977590e+03 3.298760e+02 1.348085e+03 8.528408e-01 4.925678e-01 -8.124648e-02 7.191800e-04 2.631703e+00
7.343164e+03 3.466912e+02 7.383771e+02 1.209120e-01 9.960723e-01 6.563642e-02 1.554036e-03 4.034461e+00
7.358448e+03 2.584259e+02 7.993256e+02 9.272580e-01 8.660377e-01 -2.494052e-02 -1.725872e-02 4.029512e+00
7.437192e+03 3.413353e+02 7.236598e+02 7.398216e-01 1.262097e-01 2.541660e-02 -1.967266e-02 1.902014e+00
7.654947e+03 3.427044e+02 1.082306e+03 3.884073e-01 3.971800e-01 -1.311914e-01 3.495139e-02 2.109335e+00
7.700333e+03 3.408981e+02 6.008109e+02 8.376721e-01 9.296143e-01 -1.256988e-01 1.350851e-02 2.864541e+00
7.892756e+03 3.223909e+02 5.068057e+02 1.294401e-01 2.353933e-01 1.524662e-01 1.335339e-03 1.618998e+00
7.369155e+03 3.364501e+02 1.171721e+03 9.350916e-01 6.286047e-01 1.216286e-01 4.746187e-02 2.495232e+00
7.274609e+03 3.052349e+02 6.754849e+02 8.838230e-01 3.428482e-01 -1.031749e-01 4.542528e-02 1.751811e+00
7.976290e+03 3.380803e+02 8.991892e+02 9.089833e-01 1.420848e-01 8.131093e-02 -4.425666e-02 1.459240e+00
7.304945e+03 2.824113e+02 1.230779e+03 2.747635e-01 8.838084e-01 -4.977592e-03 -5.488392e-03 5.207395e+00
7.441127e+03 3.485519e+02 8.181762e+02 4.592631e-01 5.846955e-01 1.649669e-01 2.587100e-02 2.282244e+00
7.435359e+03 3.148662e+02 1.611228e+03 3.148630e-01 4.324210e-01 3.954833e-02 -7.651925e-03 3.314905e+00
7.640343e+03 3.305142e+02 1.114741e+03 4.422797e-01 3.171367e-01 1.528108e-01 2.297657e-02 1.892685e+00
7.445810e+03 2.892305e+02 5.554591e+02 3.540787e-01 7.765198e-01 1.022551e-01 -3.101727e-02 2.875836e+00
7.598328e+03 2.606291e+02 6.968951e+02 2.704438e-01 4.886916e-01 -3.094852e-02 2.184388e-02 2.663111e+00
7.372819e+03 3.175756e+02 1.039383e+03 6.985097e-01 9.617844e-01 -4.272794e-02 -3.792655e-02 4.511259e+00
7.636579e+03 3.174306e+02 1.176321e+03 7.835694e-01 3.814783e-01 -1.182838e-01 1.092481e-03 2.148533e+00
7.792396e+03 2.857393e+02 1.032739e+03 5.735202e-01 2.490017e-01 -1.495353e-01 3.380497e-02 1.677340e+00
7.541196e+03 2.994759e+02 8.886362e+02 5.570470e-01 2.401192e-01 -8.363212e-02 4.406072e-02 1.834683e+00
7.836154e+03 2.960692e+02 8.193420e+02 1.219139e-01 8.900285e-01 -7.882560e-02 -3.192549e-02 3.649393e+00
7.608283e+03 3.003941e+02 8.328409e+02 8.283884e-01 6.412850e-01 4.762220e-02 -4.158202e-02 3.040136e+00
7.813723e+03 3.473545e+02 7.169358e+02 3.126238e-01 7.053554e-02 -1.439537e-01 3.069192e-04 1.402266e+00
7.731068e+03 2.671282e+02 1.209627e+03 9.685001e-01 9.433805e-01 -9.357085e-02 -1.632285e-02 3.777908e+00
7.413093e+03 2.566727e+02 5.112340e+02 2.979296e-01 7.661544e-01 4.297209e-02 1.734979e-02 3.097821e+00
7.768516e+03 3.488221e+02 1.252630e+03 4.055154e-01 9.782343e-01 -9.496546e-02 -4.694244e-02 4.046307e+00
7.465788e+03 3.187746e+02 1.132577e+03 9.441766e-01 7.899725e-01 1.403017e-01 -4.344716e-02 2.929963e+00
7.302586e+03 2.834034e+02 1.254517e+03 1.116070e-01 1.126612e-01 -5.314278e-02 4.349951e-02 1.910688e+00
7.732395e+03 3.157081e+02 1.422271e+03 5.872863e-01 3.504882e-01 1.186850e-01 9.752267e-03 2.204468e+00
7.855173e+03 2.735926e+02 1.158679e+03 7.819158e-01 8.318202e-01 -1.125292e-01 6.584711e-03 3.237731e+00
7.624125e+03 2.859688e+02 9.391555e+02 1.991094e-01 8.569717e-01 6.483801e-03 -4.446019e-02 4.118459e+00
7.284126e+03 2.742473e+02 9.648505e+02 8.458615e-01 7.814634e-01 6.599990e-02 2.780970e-02 3.205421e+00
7.278370e+03 2.532858e+02 8.347333e+02 6.421276e-01 5.531739e-01 -6.070164e-02 -4.599547e-02 2.815247e+00
7.900035e+03 3.461396e+02 6.035046e+02 4.165024e-01 1.677616e-01 1.941648e-02 4.033036e-02 1.815285e+00
7.347391e+03 3.442001e+02 6.521465e+02 1.009707e-01 4.372193e-01 -4.576407e-02 1.274501e-02 2.566574e+00
7.782596e+03 3.394795e+02 1.620676e+03 2.440104e-01 8.382245e-01 4.539851e-02 3.621371e-02 4.092453e+00
7.511578e+03 2.853398e+02 1.231779e+03 4.862956e-01 5.522020e-01 -5.523068e-02 -3.198116e-02 3.279989e+00
7.637247e+03 3.216670e+02 1.552750e+03 8.101798e-01 4.749848e-01 -1.528737e-01 -2.666917e-02 2.385574e+00
7.509892e+03 3.281898e+02 1.109816e+03 5.284567e-01 8.199351e-01 -1.502834e-01 -7.088850e-03 3.178384e+00
7.495590e+03 2.764886e+02 5.490592e+02 2.690608e-01 6.999618e-01 -1.153790e-01 -3.815415e-02 2.595402e+00
7.505036e+03 3.366762e+02 1.503399e+03 1.647687e-01 5.393686e-03 -8.913251e-02 4.402288e-03 1.618679e+00
7.721505e+03 2.891520e+02 1.323128e+03 1.621492e-01 9.148265e-03 -3.167822e-02 2.558967e-02 1.804540e+00
7.246266e+03 2.957673e+02 1.625345e+03 9.251951e-01 8.447420e-01 1.663709e-01 -4.470483e-04 3.423845e+00
7.773680e+03 3.421791e+02 1.184860e+03 5.970555e-01 1.928778e-01 1.037346e-01 -1.523206e-02 1.837548e+00
7.272935e+03 2.736564e+02 1.501304e+03 3.671057e-01 3.033925e-01 1.415707e-01 3.539648e-02 2.058172e+00
7.268642e+03 2.622649e+02 1.682210e+03 7.894449e-01 2.477108e-01 4.573326e-02 6.252693e-04 2.453946e+00
7.952854e+03 2.686907e+02 1.606155e+03 4.970164e-01 2.008918e-01 6.425634e-02 -9.187734e-03 2.204569e+00
7.713113e+03 2.975065e+02 5.787493e+02 2.123934e-01 4.270461e-01 6.501973e-02 5.177161e-02 2.159892e+00
7.655627e+03 2.516286e+02 1.456342e+03 4.005034e-01 5.402233e-01 -1.654125e-01 -1.754670e-03 2.584090e+00
7.311740e+03 3.324550e+02 6.814548e+02 8.198657e-01 1.934038e-01 1.337974e-01 -2.129802e-02 1.478996e+00
7.356468e+03 3.277520e+02 1.243296e+03 6.737803e-01 1.023826e-01 1.164559e-01 9.276354e-03 1.562043e+00
7.411920e+03 3.301711e+02 8.618981e+02 7.213464e-01 8.727669e-01 -8.711044e-02 4.077837e-02 3.152284e+00
7.998630e+03 2.653566e+02 1.317679e+03 7.339552e-01 7.058405e-01 -1.632156e-01 1.549265e-02 2.706891e+00
7.638765e+03 3.310320e+02 1.022833e+03 4.295029e-01 3.291665e-01 6.255119e-04 -3.509907e-02 2.668433e+00
7.643004e+03 2.565518e+02 8.384663e+02 9.503575e-01 6.887439e-01 -1.146089e-01 -2.759732e-02 2.628961e+00
7.270706e+03 2.657993e+02 1.350078e+03 7.299433e-01 2.221268e-01 -1.626963e-01 1.878497e-02 1.704676e+00
7.606455e+03 2.609992e+02 1.339716e+03 4.280331e-01 3.635483e-01 7.886686e-02 -2.845157e-02 2.559501e+00
7.670802e+03 3.056793e+02 6.435967e+02 9.598284e-01 3.871684e-01 -1.160138e-01 3.885338e-02 1.721743e+00
7.554296e+03 3.027831e+02 7.225274e+02 6.098090e-01 5.358457e-01 1.234434e-01 5.187387e-02 2.130083e+00
7.832311e+03 3.094317e+02 1.486595e+03 8.354681e-01 2.716627e-01 -1.137207e-01 4.111543e-02 1.857514e+00
7.705068e+03 3.014379e+02 1.043599e+03 8.821632e-01 2.489412e-01 -5.768502e-02 3.500165e-02 1.866909e+00
7.322824e+03 2.639568e+02 1.160524e+03 4.627138e-01 6.477740e-01 -8.177120e-02 3.690755e-02 2.984682e+00
7.865020e+03 2.966980e+02 1.689993e+03 1.691597e-01 6.099492e-01 3.042190e-02 7.227198e-03 3.863590e+00
7.541921e+03 3.349982e+02 1.513123e+03 2.343571e-02 7.922428e-02 1.314958e-01 9.731079e-03 1.662620e+00
7.434207e+03 2.749215e+02 5.387482e+02 4.818417e-01 6.067347e-01 1.550754e-01 4.169154e-02 2.139450e+00
7.300620e+03 3.287002e+02 1.271758e+03 1.852340e-01 1.259025e-01 -1.190672e-02 4.923019e-02 1.941016e+00
7.540721e+03 3.363764e+02 1.464033e+03 2.735401e-01 7.331436e-01 -1.752074e-02 -4.744117e-02 4.187360e+00
7.825566e+03 3.456486e+02 1.610570e+03 2.496471e-03 1.594775e-01 -1.151486e-01 -2.511755e-02 1.963177e+00
7.987323e+03 2.789610e+02 1.113477e+03 8.761285e-02 3.938975e-01 1.718731e-01 -1.262641e-02 2.101092e+00
7.968318e+03 3.493568e+02 1.642064e+03 2.303677e-01 2.466919e-01 7.705662e-02 -2.887257e-02 2.343557e+00
7.403056e+03 3.101588e+02 6.220569e+02 7.508963e-01 9.336622e-02 -1.232035e-01 -1.250647e-02 1.332484e+00
7.374169e+03 2.502598e+02 1.691803e+03 4.023938e-02 4.659314e-01 1.346003e-01 -2.464451e-02 2.798717e+00
7.533801e+03 2.919039e+02 1.329968e+03 5.409231e-01 4.850504e-01 7.518563e-02 4.817828e-02 2.575952e+00
7.891360e+03 3.414308e+02 5.707744e+02 5.918133e-02 1.635384e-01 -9.977721e-02 2.167732e-02 1.696495e+00
7.863890e+03 2.972046e+02 1.546113e+03 3.972064e-01 1.909889e-01 2.474243e-02 7.810163e-03 2.374807e+00
7.815994e+03 3.199125e+02 9.970973e+02 6.966492e-02 8.764869e-01 1.857243e-03 -2.066197e-02 4.758588e+00
7.763141e+03 3.482300e+02 1.394606e+03 8.975676e-01 1.805985e-01 -4.903330e-02 1.505491e-02 1.923252e+00
7.717531e+03 3.076540e+02 1.400644e+03 9.239571e-01 4.868326e-01 1.146153e-01 2.770845e-02 2.348898e+00
7.272197e+03 3.259966e+02 6.677024e+02 1.835103e-01 2.609805e-01 -1.356084e-01 1.551781e-02 1.791505e+00
7.948257e+03 2.883534e+02 9.717532e+02 1.394559e-02 1.291613e-01 1.995096e-02 -2.576767e-02 2.290529e+00
7.522468e+03 3.316642e+02 1.139957e+03 1.143486e-02 3.389685e-01 9.243838e-02 -2.301540e-02 2.433618e+00
7.204688e+03 2.962938e+02 5.531228e+02 3.912314e-01 9.355858e-01 -1.437220e-02 2.156204e-02 3.730695e+00
7.766865e+03 3.197582e+02 1.485098e+03 9.160124e-02 6.131538e-01 -5.876658e-02 4.133659e-02 3.199536e+00
7.472712e+03 2.593042e+02 1.088924e+03 6.377717e-01 3.059101e-02 -1.448410e-01 -1.548756e-02 1.288482e+00
7.474512e+03 2.928012e+02 1.374511e+03 7.289422e-02 2.962067e-01 -1.379041e-01 -4.754969e-02 2.041105e+00
7.930601e+03 3.232643e+02 1.071140e+03 5.231727e-01 1.498083e-01 -7.693631e-02 -2.522985e-02 1.842429e+00
7.656293e+03 2.707729e+02 1.054337e+03 5.598809e-01 4.150009e-01 1.505095e-01 3.167021e-02 2.032112e+00
7.255509e+03 3.236018e+02 5.961558e+02 8.989160e-01 6.898020e-01 1.432933e-01 -1.570613e-03 2.386080e+00
7.614812e+03 3.439110e+02 1.014907e+03 9.039127e-01 8.023680e-01 -1.641413e-01 -4.838946e-02 2.715613e+00
7.642056e+03 2.835133e+02 1.477546e+03 1.738088e-01 2.639006e-02 -1.130310e-01 2.979527e-02 1.543642e+00
7.825804e+03 3.155136e+02 1.075535e+03 4.084269e-01 5.831637e-01 -1.659736e-01 -4.473873e-02 2.364102e+00
7.737808e+03 2.523697e+02 6.079975e+02 7.011952e-01 4.683619e-01 7.560344e-03 -2.483460e-02 2.766899e+00
7.409404e+03 3.329051e+02 1.205131e+03 1.451758e-01 2.152730e-01 1.050006e-01 4.693250e-02 1.914973e+00
7.992232e+03 3.133051e+02 1.510157e+03 5.566900e-01 2.693462e-01 1.095990e-01 6.238717e-03 2.062285e+00
7.230454e+03 3.275045e+02 1.541028e+03 9.191274e-01 7.129430e-01 -2.385200e-02 2.519102e-02 3.821593e+00
7.237748e+03 3.059182e+02 1.666513e+03 6.465184e-01 2.726325e-01 8.926710e-02 -4.513484e-02 2.253927e+00
7.404253e+03 2.729796e+02 9.210731e+02 3.661312e-01 9.662892e-01 1.463334e-01 3.902029e-02 3.246010e+00
7.889637e+03 2.727103e+02 5.994647e+02 4.475271e-01 5.313570e-01 4.708089e-02 -1.069123e-02 2.684793e+00
7.423139e+03 2.642544e+02 1.444038e+03 3.999810e-01 2.444349e-01 8.569821e-02 1.157537e-02 2.188545e+00
7.292046e+03 2.720331e+02 1.361567e+03 7.344289e-01 2.739262e-01 -1.108108e-01 -2.925274e-02 2.050926e+00
7.366124e+03 3.212119e+02 1.674909e+03 8.149977e-01 3.474303e-01 -5.070346e-02 -5.228961e-02 2.663554e+00
7.731434e+03 2.937600e+02 8.405545e+02 5.466223e-01 6.351185e-01 -1.207032e-01 2.465667e-02 2.501330e+00
7.914412e+03 2.902440e+02 1.619166e+03 1.441382e-01 4.461952e-01 -1.567518e-01 5.163460e-02 2.282118e+00
7.415065e+03 3.474202e+02 1.316921e+03 9.955459e-01 1.855358e-01 9.698006e-02 -5.391529e-03 1.668094e+00
7.490923e+03 3.250441e+02 8.109695e+02 5.206056e-01 7.580907e-02 7.239303e-02 1.142248e-02 1.608676e+00
7.362458e+03 3.224105e+02 1.157554e+03 5.602911e-01 2.026882e-01 -9.658588e-03 1.041858e-02 2.382279e+00
7.707177e+03 3.079391e+02 7.740036e+02 3.619185e-01 3.881617e-01 2.398332e-03 -4.835371e-02 2.485013e+00
7.222265e+03 2.738288e+02 9.230173e+02 1.563055e-01 1.433157e-01 5.848640e-02 -5.093060e-02 1.924457e+00
7.800315e+03 3.136166e+02 1.341969e+03 9.457025e-01 3.614733e-01 -1.735575e-01 4.533827e-02 1.765955e+00
7.820220e+03 3.034122e+02 1.417898e+03 7.986913e-01 6.255441e-01 -2.592689e-02 2.589654e-03 3.588034e+00
7.686194e+03 3.058678e+02 1.531700e+03 8.491411e-01 6.276003e-01 1.542316e-01 3.635363e-02 2.585452e+00
7.851895e+03 2.848166e+02 1.268873e+03 4.650933e-01 7.827601e-01 -3.382947e-02 -1.057435e-02 4.207142e+00
7.821001e+03 2.849607e+02 1.286483e+03 9.202181e-01 2.399381e-01 5.355578e-02 -1.484843e-02 2.109676e+00
7.424479e+03 2.613068e+02 1.405013e+03 7.522961e-01 9.238738e-01 -8.258177e-03 3.508857e-02 4.248114e+00
7.633554e+03 3.159985e+02 1.598445e+03 4.341412e-02 8.076825e-01 -9.092905e-02 4.119185e-02 3.679319e+00
7.212621e+03 3.154743e+02 1.506757e+03 9.077277e-01 2.562479e-01 -5.975873e-02 -5.952439e-03 2.284495e+00
7.810003e+03 3.405871e+02 8.689602e+02 9.042168e-01 7.612449e-01 -1.635041e-01 -3.961128e-02 2.518198e+00
7.296192e+03 3.163091e+02 1.214631e+03 7.877391e-01 5.168250e-01 -1.250122e-01 4.785590e-02 2.331896e+00
7.538797e+03 2.963535e+02 5.593287e+02 7.262911e-01 5.776982e-02 8.185503e-02 3.867428e-02 1.365563e+00
7.568743e+03 3.468974e+02 1.388552e+03 8.874904e-03 4.501441e-01 -1.583343e-01 -4.712768e-02 2.337945e+00
7.476049e+03 3.213236e+02 6.422216e+02 7.008114e-01 4.238222e-01 -5.350669e-02 -3.619847e-02 2.378373e+00
7.319462e+03 2.852946e+02 9.107456e+02 9.052355e-01 1.221013e-01 -3.308459e-02 -3.230354e-02 1.774998e+00
7.834605e+03 3.381148e+02 5.089571e+02 5.707051e-01 5.467257e-01 6.461506e-02 -2.600655e-02 2.497788e+00
7.794660e+03 3.262365e+02 1.330786e+03 7.097725e-01 4.601415e-01 4.615236e-02 2.797521e-02 2.690706e+00
7.738722e+03 3.123090e+02 6.097840e+02 3.131611e-02 7.975711e-01 1.184775e-01 4.706937e-02 2.716614e+00
7.896686e+03 2.739565e+02 1.685454e+03 5.514437e-01 9.865954e-01 -1.433933e-01 -4.557306e-02 3.867486e+00
7.933118e+03 3.450079e+02 1.311320e+03 6.189271e-01 8.791549e-01 -1.260185e-01 -3.121027e-02 3.495871e+00
7.986885e+03 3.077743e+02 7.929537e+02 4.887210e-01 8.689836e-01 3.625387e-02 -4.739360e-02 3.682571e+00
7.339053e+03 3.410115e+02 1.274547e+03 2.762072e-01 9.441515e-01 -1.521265e-01 1.746002e-02 3.623520e+00
7.878175e+03 3.219689e+02 9.576981e+02 8.385599e-01 9.548282e-01 5.254285e-02 -1.159684e-02 4.012961e+00
7.735423e+03 3.372386e+02 1.442747e+03 9.176335e-01 7.961089e-01 -1.267761e-01 -4.878882e-03 3.277316e+00
7.718340e+03 2.773217e+02 1.266779e+03 9.544761e-01 5.761739e-01 9.507641e-02 3.215351e-02 2.547464e+00
7.259589e+03 2.900150e+02 1.179502e+03 8.942696e-01 1.460792e-01 -1.188630e-01 1.007599e-02 1.543221e+00
7.437839e+03 3.065948e+02 1.170522e+03 4.375514e-01 9.397063e-01 5.779635e-02 -3.717357e-02 4.458641e+00
7.742046e+03 2.947397e+02 8.899561e+02 9.862529e-01 6.156763e-01 1.567769e-01 1.826874e-02 2.208688e+00
7.464275e+03 3.090842e+02 5.319526e+02 4.185848e-01 6.770017e-02 9.931920e-02 2.958453e-02 1.444682e+00
7.416934e+03 2.932892e+02 1.663820e+03 6.293567e-01 2.169075e-01 1.450245e-02 -4.627344e-02 2.392782e+00
7.550792e+03 2.828435e+02 9.367126e+02 7.963576e-01 1.734416e-01 -4.051958e-02 1.969120e-02 1.861958e+00
7.416152e+03 2.946524e+02 1.648433e+03 7.477642e-01 8.044566e-01 -3.024039e-02 -6.248246e-03 4.715684e+00
7.375332e+03 3.209305e+02 7.834103e+02 1.022778e-01 7.712806e-01 1.222876e-01 4.270066e-02 2.837055e+00
7.432044e+03 3.093805e+02 9.083198e+02 8.579722e-02 7.041266e-01 -9.894540e-02 1.178437e-02 3.067666e+00
7.562673e+03 3.338652e+02 6.614014e+02 7.376369e-01 5.486763e-01 1.489750e-01 -9.344926e-03 2.150668e+00
7.643501e+03 3.383072e+02 5.608350e+02 8.573915e-01 1.969623e-01 -1.175791e-01 -1.801021e-02 1.448286e+00
7.589372e+03 3.053076e+02 1.037397e+03 4.828756e-01 6.342534e-01 1.169565e-01 4.695203e-04 2.808884e+00
7.695262e+03 3.313397e+02 8.353632e+02 4.306468e-01 7.470175e-01 -8.741670e-02 -3.090004e-02 3.155676e+00
7.340841e+03 2.555858e+02 1.387981e+03 9.157821e-01 3.322557e-01 1.679506e-01 -3.432312e-02 1.856793e+00
7.217720e+03 2.610620e+02 7.567414e+02 7.669227e-01 3.992245e-01 -1.168522e-01 -1.572948e-02 2.063999e+00
7.626608e+03 2.847014e+02 6.702556e+02 1.896228e-01 3.128040e-01 5.599903e-02 -3.848479e-02 2.240738e+00
7.961739e+03 2.721055e+02 1.614601e+03 3.081525e-01 1.209948e-01 1.327254e-01 -3.537545e-02 1.658277e+00
7.343817e+03 2.781146e+02 1.306201e+03 7.087081e-01 7.221381e-01 -3.859293e-02 2.160660e-03 3.897515e+00
7.860835e+03 3.411812e+02 1.363691e+03 4.148821e-01 9.208608e-01 -1.170702e-01 4.516609e-02 3.472254e+00
7.264654e+03 2.656790e+02 1.644933e+03 2.280249e-01 9.301176e-01 1.300609e-01 5.233694e-02 3.790249e+00
7.895429e+03 2.776693e+02 1.218522e+03 9.762266e-01 1.216972e-01 -1.045385e-01 3.472232e-02 1.394064e+00
7.485283e+03 3.002135e+02 1.539659e+03 5.531126e-01 1.078551e-01 -1.210668e-01 -2.609894e-02 1.664085e+00
7.241814e+03 3.124450e+02 1.109144e+03 7.744472e-01 6.688489e-01 6.906054e-02 7.617051e-03 3.210049e+00
7.942671e+03 3.054934e+02 1.149244e+03 7.659148e-01 8.373471e-02 1.688540e-01 6.932296e-03 1.290446e+00
7.986325e+03 3.033130e+02 5.565470e+02 8.530669e-01 9.928779e-01 7.224550e-02 -2.737575e-02 3.386205e+00
7.886873e+03 3.138351e+02 1.252119e+03 2.013608e-01 6.733595e-01 -1.237045e-01 -5.064428e-02 2.906634e+00
7.686747e+03 2.641254e+02 1.126283e+03 2.958934e-01 5.556471e-01 -5.292973e-02 3.790168e-02 2.854525e+00
7.701782e+03 2.624364e+02 1.677886e+03 1.174482e-01 2.233666e-01 3.671313e-02 -1.819039e-02 2.700698e+00
7.854001e+03 3.095525e+02 6.195935e+02 2.217298e-01 5.454409e-01 1.500860e-01 4.471030e-02 2.103895e+00
7.753989e+03 2.638484e+02 6.647465e+02 9.347520e-01 7.528076e-01 -1.719044e-01 -3.173176e-02 2.362126e+00
7.574811e+03 2.830474e+02 1.461882e+03 8.329508e-01 1.329668e-01 -9.493824e-02 1.352549e-02 1.678871e+00
7.699119e+03 2.801817e+02 1.242589e+03 5.004301e-01 3.407436e-01 -5.825011e-02 5.119054e-02 2.256403e+00
7.492602e+03 3.120303e+02 1.525632e+03 9.555348e-01 3.219312e-02 3.408820e-02 1.212578e-02 1.544718e+00
7.868340e+03 3.399908e+02 1.116572e+03 6.813357e-01 1.972116e-01 -2.003257e-02 2.745169e-02 2.044290e+00
7.578180e+03 3.255460e+02 1.182296e+03 4.902056e-01 7.541341e-01 1.523851e-03 3.097436e-02 3.627822e+00
7.710735e+03 3.390231e+02 1.154111e+03 2.942636e-01 3.158315e-01 -1.119936e-01 4.153411e-02 2.038045e+00
7.756855e+03 3.244591e+02 5.440930e+02 4.922156e-01 1.057953e-01 -5.951305e-02 -2.210596e-02 1.688926e+00
7.773293e+03 3.249873e+02 8.381815e+02 8.314039e-01 9.533233e-01 2.908119e-02 4.240619e-02 3.461470e+00
7.241294e+03 2.724339e+02 1.345424e+03 4.230409e-01 3.330257e-01 3.300221e-02 8.168196e-03 2.760539e+00
7.999381e+03 3.432865e+02 7.521281e+02 8.867098e-01 6.294589e-01 1.669380e-01 -2.096662e-02 2.194871e+00
7.496459e+03 2.537726e+02 1.677005e+03 7.407396e-01 9.838878e-01 1.610978e-01 -1.935242e-02 3.948805e+00
7.232966e+03 2.677981e+02 5.797994e+02 3.711143e-01 9.199552e-01 1.091473e-01 8.507539e-03 3.168592e+00
7.857630e+03 3.368926e+02 7.806051e+02 3.047046e-01 2.181116e-01 -6.797654e-02 -3.916896e-02 1.959716e+00
7.970675e+03 3.169081e+02 1.465184e+03 4.486168e-01 1.838666e-01 -7.354736e-03 -1.216764e-02 2.557742e+00
7.430838e+03 2.551645e+02 1.046658e+03 3.170436e-01 7.995950e-01 -6.963664e-02 -1.367208e-02 3.786291e+00
7.240046e+03 3.111356e+02 7.192537e+02 8.004991e-01 3.054920e-01 -4.996915e-02 1.278139e-02 2.070089e+00
7.929363e+03 3.265314e+02 1.294562e+03 6.586418e-01 3.650138e-01 -7.944370e-02 1.479393e-02 2.314730e+00
7.646112e+03 3.268633e+02 8.231224e+02 6.333622e-02 4.046438e-01 -5.485444e-02 4.676022e-02 2.351365e+00
7.991805e+03 2.705868e+02 7.505204e+02 7.755780e-01 8.743259e-01 1.237385e-01 3.085688e-02 2.789642e+00
