7.794971e+03 3.146493e+02 1.155146e+03 1.566790e-01 5.162963e-01 -1.560786e-01 -3.975866e-02 2.979161e+00
7.608826e+03 2.704999e+02 8.137065e+02 7.209817e-01 4.637814e-01 1.416096e-01 -4.503021e-02 2.418807e+00
7.315987e+03 3.392665e+02 1.512321e+03 9.810719e-01 8.558076e-01 6.018342e-03 3.644497e-02 2.913142e+00
7.863560e+03 3.408493e+02 9.156525e+02 5.340177e-01 8.674712e-01 1.232147e-01 2.568234e-02 3.162011e+00
7.226925e+03 2.706357e+02 1.047072e+03 9.815320e-02 9.107968e-01 -3.134281e-02 2.144988e-02 4.290916e+00
7.725007e+03 2.801667e+02 7.534539e+02 1.068625e-01 6.581645e-01 1.325348e-01 -3.646398e-02 3.197314e+00
7.517523e+03 2.569760e+02 9.783571e+02 4.305657e-01 1.022193e-01 -1.694251e-01 -3.525700e-02 2.333209e+00
7.593951e+03 3.496875e+02 1.564502e+03 4.797459e-01 7.965616e-01 3.332020e-02 -2.590265e-03 4.130557e+00
7.596967e+03 2.526398e+02 1.235157e+03 4.962814e-01 4.821306e-01 1.246546e-01 -3.959298e-02 2.818883e+00
7.551120e+03 3.287419e+02 1.559268e+03 9.327629e-01 2.424266e-01 -7.045371e-02 1.990193e-02 2.304801e+00
7.983846e+03 2.872615e+02 9.328957e+02 8.198284e-01 6.283829e-01 1.544246e-01 -2.815044e-02 2.492630e+00
7.488756e+03 3.244856e+02 9.700307e+02 1.045297e-01 7.172659e-02 -1.591033e-01 -2.161564e-03 2.762204e+00
7.499411e+03 2.550747e+02 1.495797e+03 3.714878e-01 8.566713e-01 7.237219e-02 7.972832e-03 3.935084e+00
7.961285e+03 2.811519e+02 1.069813e+03 3.136616e-01 6.327223e-01 -1.602514e-01 5.233005e-02 2.865182e+00
7.254191e+03 3.459411e+02 1.696087e+03 8.402146e-01 9.956562e-01 2.379443e-02 -2.707998e-03 4.005404e+00
7.699387e+03 2.946114e+02 1.203573e+03 3.033918e-01 2.001555e-01 -8.826556e-02 4.648009e-02 2.787411e+00
7.767747e+03 3.107113e+02 1.645149e+03 2.725058e-01 3.961462e-01 -2.868112e-02 6.463496e-03 3.869417e+00
7.258327e+03 3.474182e+02 7.887382e+02 6.265170e-01 8.243511e-01 4.422949e-02 3.432916e-02 3.294770e+00
7.249569e+03 2.525247e+02 9.985191e+02 9.152454e-01 8.401322e-02 3.421476e-02 2.873398e-02 2.257159e+00
7.681250e+03 3.213189e+02 1.023177e+03 7.668688e-01 5.746181e-01 9.966408e-02 -2.647509e-02 2.738292e+00
7.422006e+03 2.552673e+02 5.986607e+02 8.455832e-01 2.552996e-01 2.022056e-02 -8.001086e-03 2.778969e+00
7.766049e+03 3.485161e+02 1.434251e+03 9.169715e-01 3.022404e-01 -2.023206e-02 6.010144e-03 2.773501e+00
7.348526e+03 2.559909e+02 1.377299e+03 4.645499e-01 6.706965e-01 -1.143315e-01 4.505518e-02 3.082105e+00
7.737277e+03 2.682541e+02 5.194821e+02 5.434555e-01 4.211839e-01 -2.140681e-02 1.903341e-02 3.244615e+00
7.957581e+03 3.253816e+02 8.945120e+02 1.731539e-01 7.357585e-01 2.870179e-02 1.173958e-03 4.185820e+00
7.456363e+03 3.011739e+02 8.131717e+02 5.262900e-01 7.423064e-01 1.094708e-02 2.271983e-02 3.621702e+00
7.844732e+03 2.964476e+02 1.452577e+03 6.014072e-01 4.558864e-01 -3.974149e-02 -1.914746e-02 3.303698e+00
7.620093e+03 2.856285e+02 1.537766e+03 9.122680e-01 2.817022e-01 3.587171e-02 -7.100149e-04 2.723396e+00
7.376862e+03 3.276415e+02 1.002285e+03 3.361919e-01 5.037229e-01 -4.130742e-02 1.474525e-02 3.604419e+00
7.448847e+03 3.491084e+02 1.418787e+03 8.308809e-02 8.899102e-01 1.070875e-01 2.726171e-03 4.041905e+00
7.487711e+03 3.082892e+02 1.369350e+03 4.883370e-01 9.592265e-01 -6.472707e-03 -3.627530e-02 3.906032e+00
7.615653e+03 3.001819e+02 1.406127e+03 9.096765e-01 3.459910e-01 1.084759e-01 -5.903294e-03 2.399117e+00
7.843918e+03 2.562561e+02 1.150535e+03 5.115299e-01 2.498502e-01 3.943262e-02 -2.208292e-02 3.136287e+00
7.215598e+03 3.317861e+02 1.600166e+03 7.355266e-01 3.907466e-01 1.144030e-01 3.399393e-02 2.600346e+00
7.721605e+03 3.284607e+02 8.326565e+02 3.234985e-02 7.041410e-01 -4.664138e-02 1.499786e-02 3.967918e+00
7.287663e+03 2.746217e+02 1.284707e+03 7.066524e-02 9.606454e-01 -9.219479e-02 -1.088025e-02 4.151342e+00
7.580711e+03 3.079624e+02 1.043633e+03 9.005443e-01 9.079416e-01 -1.513014e-01 1.637847e-02 2.736666e+00
7.491192e+03 3.450625e+02 1.061396e+03 1.287248e-01 9.340672e-01 1.659192e-01 4.932000e-02 3.325108e+00
7.676521e+03 3.343639e+02 1.130915e+03 2.477828e-01 4.623950e-01 -1.693401e-01 -2.064682e-02 2.947155e+00
7.895245e+03 2.882728e+02 8.907385e+02 1.702612e-02 8.722547e-01 -4.210026e-02 4.045936e-02 3.875473e+00
7.485093e+03 3.205971e+02 1.081177e+03 9.965584e-01 9.374487e-01 -1.638359e-01 3.492498e-03 2.518906e+00
7.521589e+03 2.628711e+02 1.057098e+03 7.168821e-01 7.804539e-01 -8.212862e-02 2.464064e-02 3.103744e+00
7.596253e+03 2.904126e+02 9.537000e+02 6.332781e-02 8.439306e-01 1.340997e-01 2.195055e-02 3.551238e+00
7.219861e+03 3.103466e+02 1.585074e+03 5.396052e-01 8.351100e-01 -6.105605e-02 -3.912350e-02 3.585848e+00
7.588385e+03 3.299818e+02 1.309237e+03 9.282261e-01 8.329885e-01 -1.268949e-01 -3.110193e-03 2.818149e+00
7.782596e+03 3.215235e+02 1.224194e+03 1.739437e-01 1.960581e-01 -1.680212e-01 -3.301169e-02 2.651103e+00
7.467530e+03 3.064452e+02 1.525266e+03 4.984772e-01 2.837280e-02 2.115122e-02 -2.928487e-02 2.976884e+00
7.905649e+03 2.691925e+02 5.759841e+02 4.934873e-01 2.137611e-01 9.502989e-02 -1.905115e-03 2.865379e+00
7.540594e+03 2.893801e+02 1.463927e+03 8.137778e-03 9.982474e-01 1.114351e-01 1.295666e-02 4.103909e+00
7.851483e+03 2.696517e+02 6.465329e+02 5.189828e-01 9.766493e-01 8.654007e-02 -7.225891e-03 3.482795e+00
7.792773e+03 3.202455e+02 7.903364e+02 9.233639e-01 4.302139e-01 1.625157e-01 2.595526e-03 2.190675e+00
7.771288e+03 2.756688e+02 1.245787e+03 8.447233e-01 4.447764e-02 1.055796e-01 -3.871218e-02 2.027917e+00
7.963856e+03 3.108509e+02 7.590569e+02 4.657387e-01 9.085620e-01 1.441381e-01 -5.025475e-02 3.013124e+00
7.548226e+03 3.495509e+02 1.207256e+03 6.040719e-01 8.154056e-01 1.685473e-03 4.973938e-02 3.323684e+00
7.511227e+03 2.752517e+02 1.487752e+03 9.832595e-01 3.899401e-01 -1.384901e-01 2.294905e-02 2.036434e+00
7.757390e+03 2.668944e+02 1.077709e+03 9.898632e-01 4.161663e-01 4.236157e-02 -9.343051e-03 2.372411e+00
7.942996e+03 2.592194e+02 1.160841e+03 7.755764e-01 9.496071e-01 -1.572850e-02 4.898667e-02 3.184625e+00
7.237674e+03 3.074730e+02 9.624836e+02 7.002452e-01 1.445335e-01 1.538446e-01 -3.941011e-02 2.149810e+00
7.256831e+03 3.119839e+02 7.409524e+02 3.438289e-02 7.118819e-01 -1.317424e-01 5.181606e-03 3.543703e+00
7.566890e+03 2.934982e+02 6.300069e+02 7.833489e-01 5.744700e-03 1.076153e-01 4.433173e-02 2.021193e+00
7.246812e+03 2.646292e+02 1.065287e+03 5.897322e-01 8.104823e-01 8.771030e-02 -8.767335e-03 3.435191e+00
7.704640e+03 2.533662e+02 9.478394e+02 8.180795e-01 8.621558e-02 5.672250e-02 -3.379400e-02 2.334978e+00
7.554237e+03 2.591032e+02 8.512644e+02 7.394232e-01 4.834195e-01 -9.303514e-02 -3.885777e-02 2.614483e+00
7.400719e+03 2.737310e+02 1.401507e+03 7.881970e-01 7.934632e-01 -1.173497e-02 1.213983e-02 3.707643e+00
7.575888e+03 3.093343e+02 8.160406e+02 9.085256e-01 7.474608e-01 -4.668807e-03 -2.557701e-02 2.952588e+00
7.726183e+03 3.072453e+02 1.641344e+03 8.318467e-01 2.867409e-01 -1.084286e-01 3.006089e-02 2.356711e+00
7.632253e+03 3.351319e+02 7.429583e+02 3.301146e-01 3.858522e-01 -1.671141e-01 4.152180e-02 2.624100e+00
7.733489e+03 3.228093e+02 1.097773e+03 6.908984e-01 6.103620e-01 -1.010459e-01 3.234471e-02 2.836033e+00
7.539530e+03 2.547877e+02 1.423738e+03 8.928249e-01 9.658745e-01 -1.002577e-01 3.621566e-02 2.952626e+00
7.598545e+03 3.308897e+02 6.813899e+02 8.273066e-01 2.778562e-01 -4.594671e-02 -2.410679e-02 2.575852e+00
7.763427e+03 3.067486e+02 1.603247e+03 4.822707e-01 1.077448e-01 1.036279e-01 -4.218269e-03 2.802613e+00
7.359647e+03 3.053608e+02 1.671226e+03 2.426859e-01 3.425022e-01 1.028582e-01 -2.540283e-02 3.188968e+00
7.925196e+03 3.301297e+02 8.214161e+02 7.504655e-01 6.255202e-01 5.817683e-02 -1.237274e-02 3.039674e+00
7.502380e+03 3.326254e+02 1.614792e+03 8.938152e-01 6.461365e-01 3.479954e-02 -1.471552e-02 3.160936e+00
7.875638e+03 2.585876e+02 1.280314e+03 5.831572e-01 3.331033e-01 2.544863e-02 1.704467e-02 3.277826e+00
7.890503e+03 3.187147e+02 6.910840e+02 3.653820e-01 7.911386e-01 1.594891e-02 9.117826e-03 3.954157e+00
7.747828e+03 3.342043e+02 8.366202e+02 5.517353e-01 6.299852e-01 -1.579837e-01 7.797149e-03 2.905331e+00
7.932461e+03 3.150640e+02 1.221135e+03 9.062357e-01 1.330380e-01 -1.694881e-02 -4.130258e-03 2.624831e+00
7.658506e+03 3.141900e+02 6.721972e+02 7.462482e-01 3.449490e-02 -3.342920e-02 1.743337e-02 2.622960e+00
7.967484e+03 2.692981e+02 1.030966e+03 5.046133e-01 6.820585e-01 -1.871357e-02 -4.114682e-02 3.369728e+00
7.261535e+03 2.965583e+02 1.184191e+03 6.571454e-01 9.913298e-02 1.576356e-01 4.702113e-02 2.095667e+00
7.831491e+03 3.446067e+02 6.591613e+02 4.743998e-02 6.316255e-01 -1.301348e-01 -4.516837e-02 3.142700e+00
7.857018e+03 2.684909e+02 1.085492e+03 6.829046e-01 8.203842e-01 -3.491293e-02 2.740548e-02 3.398914e+00
7.923359e+03 3.306100e+02 1.198772e+03 5.924646e-01 5.557663e-02 -4.477257e-02 -4.133605e-02 2.644521e+00
7.680858e+03 3.471195e+02 1.033329e+03 1.763539e-01 3.394090e-01 -3.176531e-02 3.191882e-02 3.463634e+00
7.935970e+03 3.226349e+02 5.745692e+02 7.810881e-01 3.689496e-01 -1.034264e-01 -3.661591e-02 2.376598e+00
7.371528e+03 2.723791e+02 1.277240e+03 8.577137e-01 9.842065e-01 -1.114679e-01 -5.105626e-02 2.902650e+00
7.202742e+03 2.733092e+02 7.463417e+02 2.850049e-02 5.004330e-01 7.447828e-02 2.660160e-02 3.481248e+00
7.671561e+03 3.115751e+02 1.297212e+03 4.759431e-01 5.981292e-01 1.306953e-01 7.432134e-03 3.151712e+00
7.545644e+03 2.678744e+02 1.552631e+03 8.003868e-01 5.201049e-01 5.190078e-02 -3.589347e-02 2.908412e+00
7.340436e+03 3.136015e+02 5.128113e+02 4.398783e-01 5.085457e-01 2.323201e-02 -1.608475e-02 3.488135e+00
7.538220e+03 3.362151e+02 7.963257e+02 1.057222e-01 1.227001e-01 -1.176546e-01 5.044672e-02 2.693225e+00
7.513799e+03 2.572574e+02 1.144162e+03 1.903088e-01 6.745920e-01 -9.917015e-02 2.237065e-02 3.504535e+00
7.267164e+03 3.394888e+02 8.436716e+02 2.711859e-01 1.114880e-01 1.063416e-01 -2.110373e-02 2.844762e+00
7.852324e+03 3.065780e+02 1.129554e+03 4.647194e-02 3.974002e-01 1.624255e-01 -4.330945e-02 2.887968e+00
7.501735e+03 2.854232e+02 1.128501e+03 6.423264e-01 3.001147e-02 -1.470816e-01 3.094173e-02 2.155248e+00
7.344182e+03 2.944123e+02 1.504605e+03 9.197780e-01 3.935400e-01 -1.351737e-02 5.200438e-02 2.416041e+00
7.379492e+03 3.027988e+02 5.246428e+02 5.741628e-01 4.356317e-01 -5.443582e-02 4.490897e-02 2.817843e+00
7.377742e+03 2.581825e+02 1.292856e+03 6.845273e-01 4.324141e-02 3.859875e-02 -1.568128e-02 2.775123e+00
7.644352e+03 3.256525e+02 1.170714e+03 1.988689e-02 3.138308e-01 -3.461904e-02 -6.184409e-03 3.906931e+00
7.579109e+03 2.894715e+02 1.145460e+03 7.469234e-01 5.806919e-01 1.046527e-01 -8.137099e-03 2.914588e+00
7.638327e+03 3.210069e+02 1.340334e+03 8.525629e-01 5.645695e-01 1.174016e-01 -4.687218e-03 2.719772e+00
7.463591e+03 3.440862e+02 1.546643e+03 7.045727e-01 6.510926e-01 2.448905e-02 2.509802e-02 3.458692e+00
7.471286e+03 3.289551e+02 1.271106e+03 9.510873e-01 2.797847e-01 1.007284e-01 -1.002267e-02 2.201142e+00
7.988889e+03 2.939722e+02 1.112559e+03 8.694354e-01 8.029509e-01 -1.482690e-01 -3.340415e-02 2.612014e+00
7.634741e+03 3.474713e+02 1.096193e+03 1.496419e-01 8.313187e-01 1.512392e-01 -1.841230e-02 3.486808e+00
7.429507e+03 2.676181e+02 1.396482e+03 1.264421e-01 8.287113e-01 6.767405e-03 -3.133900e-02 4.238445e+00
7.342626e+03 3.380771e+02 6.272735e+02 5.502600e-01 1.944991e-01 5.149631e-03 -2.503592e-02 3.072621e+00
7.275752e+03 3.486180e+02 5.228323e+02 1.741941e-02 4.287054e-01 1.556202e-01 -8.246842e-03 3.108082e+00
7.957104e+03 3.097379e+02 8.178808e+02 4.876668e-01 1.679981e-01 -5.807301e-02 -1.900400e-02 2.958353e+00
7.986869e+03 2.838884e+02 1.352283e+03 3.563123e-03 5.505854e-01 -3.586862e-02 -1.011005e-02 4.133266e+00
7.642401e+03 2.500631e+02 6.394105e+02 3.430148e-01 5.326918e-01 -2.659453e-02 -2.125849e-02 3.583110e+00
7.877767e+03 3.477882e+02 6.325547e+02 5.805965e-02 8.379377e-01 -5.282323e-02 -2.171634e-02 3.865233e+00
7.256275e+03 2.660054e+02 1.227253e+03 3.030887e-02 1.392446e-01 1.277261e-01 1.079310e-02 3.040420e+00
7.925685e+03 3.338695e+02 5.169682e+02 1.210390e-01 2.274390e-01 -9.419470e-02 1.859976e-02 3.078623e+00
7.204632e+03 3.461497e+02 9.225468e+02 3.217481e-01 6.163675e-01 -7.729766e-02 -5.813058e-03 3.577401e+00
7.458350e+03 2.536741e+02 5.657613e+02 7.150821e-01 1.199932e-01 5.040757e-02 -2.521370e-02 2.590547e+00
7.329176e+03 3.111371e+02 7.004520e+02 5.025799e-01 3.815188e-01 1.249405e-01 -2.335347e-02 2.758846e+00
7.483930e+03 2.837236e+02 1.679155e+03 9.708009e-01 6.783208e-01 1.760546e-02 5.143036e-02 2.610108e+00
7.393975e+03 2.829022e+02 7.633797e+02 9.688326e-01 9.066242e-01 -6.547720e-03 4.659451e-03 3.148620e+00
7.264058e+03 3.275781e+02 1.325958e+03 9.565334e-01 7.016158e-02 -3.018046e-02 2.435558e-02 2.166694e+00
7.392474e+03 3.458574e+02 1.489675e+03 2.970676e-01 9.492524e-02 -1.053665e-01 1.060022e-02 2.914166e+00
7.362713e+03 3.441424e+02 9.544480e+02 4.604516e-01 7.100565e-01 1.122523e-01 1.447550e-02 3.258621e+00
7.457344e+03 3.085476e+02 1.041595e+03 6.949691e-01 5.070510e-01 1.241612e-01 3.170565e-02 2.643160e+00
7.996329e+03 2.879091e+02 1.552802e+03 2.098673e-02 8.109715e-01 3.698698e-02 4.068884e-02 4.052767e+00
7.317855e+03 2.791882e+02 6.134099e+02 7.234472e-01 8.217079e-01 -9.659927e-02 1.011223e-02 3.035690e+00
7.931272e+03 2.540435e+02 6.881574e+02 3.879459e-01 3.028925e-01 1.727495e-01 2.396557e-02 2.567505e+00
7.975905e+03 3.262511e+02 8.979109e+02 2.344017e-01 4.944546e-01 1.186643e-01 -3.679245e-02 3.027678e+00
7.897961e+03 3.478822e+02 1.349387e+03 6.550566e-01 7.183552e-01 -6.780790e-02 -3.928957e-02 3.152215e+00
7.421075e+03 3.302381e+02 9.650901e+02 2.024306e-01 9.819736e-01 -1.425739e-01 2.017259e-03 3.719710e+00
7.395839e+03 2.651323e+02 1.173317e+03 6.749527e-01 5.060191e-02 -4.983293e-02 4.844907e-02 2.424802e+00
7.916330e+03 2.851318e+02 5.416032e+02 3.009544e-01 2.295800e-01 1.027893e-01 2.184209e-02 2.876767e+00
7.720347e+03 3.315083e+02 5.950142e+02 2.854581e-01 8.422513e-01 1.612095e-01 2.885227e-02 3.136584e+00
7.543723e+03 2.689570e+02 9.663703e+02 6.599329e-01 3.180024e-01 -1.075380e-02 4.270375e-02 2.798393e+00
7.999081e+03 2.663862e+02 9.391499e+02 5.156387e-01 3.278777e-01 -1.149206e-01 -2.892498e-02 2.715116e+00
7.749923e+03 3.239588e+02 1.563724e+03 2.486451e-03 3.214254e-01 -1.346189e-01 -3.820438e-02 3.046996e+00
7.817332e+03 3.277713e+02 7.618997e+02 3.399570e-01 9.540102e-01 -1.536921e-01 -4.565917e-02 3.167463e+00
7.885126e+03 3.334943e+02 7.914928e+02 8.499720e-01 2.146821e-01 1.260224e-02 1.926760e-02 2.665700e+00
7.569393e+03 3.091919e+02 9.829208e+02 7.554859e-01 8.626330e-01 1.469116e-01 1.096956e-02 2.958066e+00
7.754045e+03 2.783693e+02 1.228590e+03 5.271362e-01 7.633634e-01 -5.358588e-03 -8.429830e-03 4.081508e+00
7.323310e+03 2.636401e+02 1.125486e+03 2.618690e-01 2.496069e-02 -1.108752e-01 -1.679064e-03 2.875727e+00
7.902073e+03 2.712349e+02 5.998499e+02 8.114133e-01 4.537835e-01 1.099589e-01 5.166577e-02 2.285998e+00
7.807084e+03 3.101148e+02 8.931372e+02 3.824187e-01 1.354855e-01 1.378150e-01 9.480186e-03 2.673840e+00
7.838501e+03 3.390522e+02 1.634836e+03 6.884427e-01 9.550175e-01 1.337897e-01 3.078255e-02 3.200135e+00
7.473781e+03 3.435775e+02 9.191798e+02 6.101117e-01 1.146559e-01 -8.944981e-03 -2.371054e-03 3.261058e+00
7.235955e+03 3.462754e+02 7.773394e+02 9.342544e-01 5.603723e-01 4.076836e-02 3.261837e-02 2.545295e+00
7.226385e+03 2.909286e+02 1.693164e+03 1.294525e-01 4.771353e-01 -8.136022e-02 4.184729e-02 3.390724e+00
7.438652e+03 3.476469e+02 6.549744e+02 7.961335e-01 1.870811e-01 1.326813e-01 4.324506e-02 2.079615e+00
7.262405e+03 3.436913e+02 8.989864e+02 1.244407e-01 3.548166e-01 -3.224404e-03 -3.314143e-02 3.589988e+00
7.684978e+03 3.403327e+02 1.618776e+03 7.684199e-01 7.991012e-02 -1.633529e-01 -6.047137e-03 2.136869e+00
7.821924e+03 2.974102e+02 1.454978e+03 2.416092e-01 8.451924e-01 -1.090159e-01 3.750894e-02 3.512433e+00
7.462512e+03 3.096430e+02 8.040020e+02 8.565083e-01 9.584510e-01 1.221991e-01 -8.961025e-03 2.935947e+00
7.578662e+03 2.813015e+02 1.630484e+03 2.318548e-01 9.293606e-01 -2.800488e-02 2.824310e-02 4.307123e+00
7.214258e+03 3.117903e+02 1.010357e+03 4.688062e-01 8.988297e-01 8.815586e-03 -2.293129e-02 4.006362e+00
7.228223e+03 2.631496e+02 1.466318e+03 4.225171e-01 7.447353e-01 1.091566e-01 3.766827e-02 3.309147e+00
7.840103e+03 2.782063e+02 8.614682e+02 7.449876e-01 7.330070e-01 -5.874372e-02 -2.038231e-02 3.116186e+00
7.829123e+03 2.515071e+02 1.610386e+03 1.335665e-01 8.920031e-01 9.482747e-02 -2.043374e-02 3.956378e+00
7.220644e+03 3.381345e+02 1.555142e+03 1.883465e-01 4.173421e-01 -1.294715e-01 9.073821e-03 3.274028e+00
7.527229e+03 2.788498e+02 1.451204e+03 1.023970e-01 2.199131e-02 -1.636672e-01 -2.441519e-02 2.598177e+00
7.850639e+03 3.035662e+02 7.815311e+02 6.086299e-01 6.022066e-01 4.935426e-02 3.932200e-02 3.017196e+00
7.414663e+03 2.604873e+02 1.299878e+03 6.680479e-02 7.878853e-01 6.351924e-03 -3.252081e-02 4.184716e+00
7.530042e+03 3.138313e+02 1.048542e+03 7.627503e-01 6.427341e-01 -6.318456e-02 5.057952e-02 2.800036e+00
7.384784e+03 2.600984e+02 1.516891e+03 1.683536e-01 4.418818e-01 7.090078e-02 -3.004765e-02 3.483074e+00
7.805309e+03 3.404674e+02 1.125724e+03 9.720666e-01 2.674879e-01 1.725959e-01 -4.704417e-02 1.725286e+00
7.773023e+03 2.925522e+02 1.117527e+03 2.800647e-01 7.750537e-01 -1.181460e-01 -4.627180e-02 3.238848e+00
7.397506e+03 3.176823e+02 6.526970e+02 1.811713e-01 9.426902e-02 -3.697446e-02 -1.752366e-02 3.348816e+00
7.885950e+03 3.453535e+02 7.267133e+02 6.510338e-01 8.661051e-01 -1.290810e-01 8.713324e-03 3.064672e+00
7.647110e+03 2.671192e+02 1.480268e+03 1.783657e-01 2.507063e-01 1.121210e-01 7.369138e-03 3.174691e+00
7.929177e+03 2.906872e+02 1.422707e+03 2.675154e-01 4.113903e-01 7.670981e-02 5.068440e-02 3.085201e+00
7.223094e+03 3.398268e+02 6.078663e+02 1.038685e-01 1.550346e-01 -2.619379e-02 1.503038e-03 3.714682e+00
7.281650e+03 2.931512e+02 7.828828e+02 2.751761e-01 1.617741e-01 1.367938e-01 -1.942948e-02 2.738608e+00
7.213624e+03 3.415700e+02 1.254389e+03 3.676919e-01 3.302181e-01 1.400854e-01 -4.470218e-02 2.696467e+00
7.645787e+03 2.699817e+02 1.319732e+03 6.996648e-01 6.215022e-01 1.457826e-01 5.000053e-02 2.619519e+00
7.731444e+03 3.120038e+02 9.748980e+02 9.040751e-01 6.913512e-01 -1.165188e-01 -4.871898e-02 2.422413e+00
7.427962e+03 3.498432e+02 7.272385e+02 5.384324e-01 4.786924e-02 1.211578e-01 -3.638646e-02 2.350954e+00
7.880328e+03 3.499159e+02 1.322388e+03 7.192999e-01 9.881777e-01 1.392051e-01 -2.374106e-02 3.173445e+00
7.654704e+03 2.510454e+02 1.582019e+03 6.571073e-02 4.227813e-04 -1.595273e-01 2.781445e-02 2.595985e+00
7.321726e+03 2.638101e+02 9.119325e+02 5.240193e-02 7.219305e-01 1.326122e-02 2.952540e-02 4.011244e+00
7.649102e+03 2.616163e+02 6.865455e+02 1.188973e-01 7.432469e-02 -1.466193e-01 2.042095e-02 2.700302e+00
7.884681e+03 2.563204e+02 9.973081e+02 3.698315e-01 3.780508e-01 1.408213e-01 -2.240079e-02 2.853725e+00
7.963302e+03 3.174614e+02 1.416549e+03 3.240185e-01 7.157860e-01 1.387938e-02 5.128466e-02 3.515565e+00
7.312314e+03 3.112247e+02 1.627264e+03 2.950733e-01 5.443854e-01 9.333788e-02 3.386102e-02 3.324137e+00
7.478986e+03 2.541542e+02 9.849805e+02 4.314199e-01 3.510009e-01 -2.972470e-02 -2.439599e-03 3.577645e+00
7.349912e+03 3.292691e+02 1.520809e+03 3.048237e-01 3.206225e-01 2.835008e-02 -3.457857e-02 3.450936e+00
7.876969e+03 3.282251e+02 1.093322e+03 6.359150e-01 2.337575e-01 3.998955e-03 4.403047e-02 2.752029e+00
7.351733e+03 2.889152e+02 1.602089e+03 8.088113e-01 1.041902e-01 -3.647683e-02 -4.532168e-02 2.423453e+00
7.913883e+03 3.042971e+02 1.417555e+03 2.496411e-01 6.506942e-02 -1.529025e-01 -5.273677e-03 2.695724e+00
7.704238e+03 3.330471e+02 1.215980e+03 7.308020e-01 3.482017e-01 1.019894e-01 7.577708e-03 2.706606e+00
7.704238e+03 3.330471e+02 1.215980e+03 7.308020e-01 3.482017e-01 1.019894e-01 7.577708e-03 2.715551e+00
7.944105e+03 2.767058e+02 5.793355e+02 8.236019e-01 8.056492e-01 1.107409e-01 -4.496736e-03 2.820107e+00
7.310524e+03 3.013034e+02 1.186848e+03 2.783850e-01 1.414679e-01 9.360463e-02 4.359828e-02 2.763165e+00
7.464825e+03 3.322748e+02 7.493056e+02 6.060743e-01 5.631665e-01 -1.724205e-01 -1.451880e-02 2.704367e+00
7.604772e+03 3.482672e+02 1.137002e+03 7.508853e-02 5.513359e-01 1.274036e-01 3.147551e-02 3.244064e+00
7.445987e+03 2.959154e+02 1.304683e+03 2.564319e-01 8.957582e-01 -1.668711e-01 -1.169469e-02 3.523457e+00
7.971618e+03 3.428073e+02 1.036195e+03 4.449629e-01 9.681852e-01 -1.052373e-03 -3.578470e-02 3.782674e+00
7.744139e+03 2.875132e+02 5.353158e+02 4.810494e-01 8.479456e-01 7.165493e-02 8.136673e-03 3.429000e+00
7.871650e+03 3.154681e+02 1.389848e+03 1.452924e-01 9.630453e-01 1.491602e-01 -5.005641e-04 3.812438e+00
7.803591e+03 3.130593e+02 8.109265e+02 8.330667e-01 8.239194e-01 -6.866062e-02 -7.820298e-03 3.051444e+00
7.950068e+03 2.741850e+02 1.205284e+03 4.335234e-01 8.069804e-01 1.673688e-01 1.881912e-02 3.152689e+00
7.791725e+03 3.407618e+02 1.289280e+03 8.347873e-01 7.693763e-01 -1.258517e-01 -3.158780e-02 2.763117e+00
7.512962e+03 3.433723e+02 8.246445e+02 8.798446e-01 6.613787e-01 1.513584e-01 -1.863659e-04 2.571483e+00
7.545203e+03 3.427102e+02 6.139661e+02 6.412567e-01 7.787650e-01 1.682344e-01 -5.351796e-03 2.892772e+00
7.580817e+03 3.366413e+02 8.008592e+02 4.136692e-01 6.245703e-01 -1.061930e-01 5.106611e-02 2.934679e+00
7.918136e+03 3.387783e+02 7.930234e+02 2.039926e-01 1.683628e-02 -1.128777e-01 2.839677e-02 2.693534e+00
7.525952e+03 3.285721e+02 8.003898e+02 9.437131e-01 8.744769e-01 5.908222e-02 2.644839e-02 2.740727e+00
7.493548e+03 3.077837e+02 8.758574e+02 8.671336e-01 4.806227e-01 -1.661919e-01 4.253745e-02 2.179307e+00
7.509644e+03 3.297674e+02 1.351106e+03 9.182874e-01 2.897041e-01 -1.324515e-01 -2.316685e-02 2.148717e+00
7.542094e+03 2.535007e+02 9.370274e+02 1.648088e-01 4.696790e-01 1.027087e-03 -3.437091e-02 3.617706e+00
7.671389e+03 3.266083e+02 1.185321e+03 2.687554e-01 2.993118e-01 -1.547308e-01 -2.004990e-02 2.830017e+00
7.247073e+03 3.317032e+02 1.617086e+03 9.543106e-01 8.526838e-01 8.585627e-02 -3.426945e-02 2.850993e+00
7.613581e+03 2.952748e+02 1.588308e+03 6.456652e-01 1.463989e-01 1.370679e-01 -2.681863e-02 2.371431e+00
7.698716e+03 3.050255e+02 5.398498e+02 1.163381e-01 3.250152e-01 -7.119111e-02 -1.990340e-02 3.312303e+00
7.719024e+03 3.468474e+02 1.260036e+03 9.096010e-02 9.152232e-01 -1.420342e-02 -2.458367e-02 4.412354e+00
7.602224e+03 3.033524e+02 1.483010e+03 7.877494e-01 6.726533e-01 -4.887110e-02 -4.653024e-02 3.008446e+00
7.306196e+03 2.511145e+02 1.080556e+03 2.182338e-01 6.847126e-01 9.584882e-02 1.898401e-02 3.538446e+00
7.493197e+03 2.755830e+02 1.368423e+03 6.740583e-01 4.616578e-02 8.966360e-02 3.118421e-02 2.375819e+00
7.815513e+03 2.729526e+02 1.342609e+03 9.640523e-02 4.309583e-01 1.210048e-01 -6.771894e-03 3.360375e+00
7.906277e+03 3.481268e+02 1.362119e+03 5.086762e-01 7.606669e-02 -3.108982e-02 -1.074525e-02 3.132227e+00
7.557913e+03 3.348866e+02 1.201819e+03 5.447089e-01 7.262934e-03 -1.716139e-01 1.827114e-02 2.200079e+00
7.587377e+03 2.583989e+02 1.443527e+03 5.842846e-01 7.494575e-01 -7.386440e-02 3.799528e-03 3.586332e+00
7.908340e+03 2.864476e+02 1.567333e+03 8.471717e-01 7.304716e-01 6.057853e-02 -3.500601e-02 2.986861e+00
7.436619e+03 2.961354e+02 1.010885e+03 2.481634e-01 5.818881e-01 7.827996e-02 -6.630507e-03 3.613653e+00
7.406526e+03 2.632903e+02 1.265821e+03 8.836695e-01 3.767932e-01 3.735255e-02 1.386145e-02 2.762909e+00
7.755573e+03 2.521938e+02 1.073219e+03 1.795899e-01 8.945782e-01 1.582477e-01 1.225877e-02 3.522737e+00
7.729186e+03 2.842983e+02 8.452815e+02 2.694642e-01 4.927558e-01 -8.085304e-02 2.685275e-02 3.247520e+00
7.621877e+03 3.494335e+02 1.523211e+03 4.909102e-01 8.832855e-01 -1.315014e-01 -2.984108e-02 3.364238e+00
7.870625e+03 3.402408e+02 8.718875e+02 7.829258e-02 4.740483e-01 -1.228486e-01 -1.791932e-02 3.254293e+00
7.648777e+03 2.596460e+02 1.071836e+03 7.538588e-01 9.264296e-01 4.489082e-02 -4.030985e-04 3.606408e+00
7.752517e+03 2.946988e+02 9.840297e+02 4.272510e-01 8.294220e-01 -1.729196e-01 -3.266454e-02 3.053720e+00
7.723844e+03 3.087208e+02 1.445734e+03 1.867200e-01 8.081991e-01 9.677679e-02 -2.250356e-02 3.750772e+00
7.267368e+03 2.897701e+02 1.230554e+03 2.551871e-01 4.433960e-01 5.852858e-02 -1.034469e-02 3.612621e+00
7.303005e+03 2.929229e+02 1.251609e+03 8.067758e-01 6.801975e-01 -1.088518e-01 -2.351764e-02 2.857674e+00
7.347673e+03 2.889737e+02 6.408847e+02 4.439088e-01 6.334838e-01 7.016005e-02 3.671092e-02 3.130070e+00
7.714440e+03 2.754044e+02 5.115131e+02 8.010238e-02 9.130808e-02 -8.787159e-02 2.222390e-02 3.031386e+00
7.810316e+03 3.105086e+02 1.165224e+03 3.333239e-01 7.133957e-01 -1.254217e-01 -4.029444e-02 3.164518e+00
7.373426e+03 2.740627e+02 1.105886e+03 3.856976e-01 3.951892e-01 -1.417583e-01 -1.582556e-02 2.914291e+00
7.477617e+03 2.818104e+02 5.963992e+02 9.035439e-01 8.546493e-01 -8.562051e-02 -1.707824e-02 2.733953e+00
7.994718e+03 3.412549e+02 7.655850e+02 3.197111e-01 7.669837e-01 -3.269419e-02 3.597062e-02 3.582878e+00
7.786810e+03 3.169021e+02 1.107927e+03 5.470374e-01 5.132399e-01 -1.525611e-01 1.685923e-02 2.804970e+00
7.364059e+03 2.760813e+02 1.170199e+03 9.260850e-01 7.360939e-01 6.807167e-02 -1.628446e-02 2.871883e+00
7.251119e+03 2.530476e+02 1.477613e+03 3.842450e-01 1.411839e-01 1.358052e-01 3.290694e-02 2.581520e+00
7.336600e+03 2.678037e+02 1.117859e+03 8.294364e-01 2.863092e-01 7.803175e-02 4.579993e-02 2.341578e+00
7.806108e+03 2.687469e+02 1.062389e+03 9.243622e-01 9.560092e-01 8.505982e-02 -2.746582e-02 2.853553e+00
7.651261e+03 3.192068e+02 7.723119e+02 6.520508e-01 6.593642e-01 3.459036e-03 -2.079675e-02 3.424960e+00
7.442876e+03 3.150874e+02 1.669246e+03 3.469882e-01 4.894413e-01 -2.389280e-02 3.851448e-02 3.527907e+00
7.360886e+03 2.821278e+02 9.804677e+02 3.094682e-01 9.919351e-01 1.643803e-01 2.450816e-02 3.419286e+00
7.388609e+03 2.698061e+02 7.303624e+02 2.539514e-01 1.745689e-01 -7.855274e-02 1.280707e-02 3.111030e+00
7.696302e+03 3.467440e+02 7.467213e+02 5.299916e-01 2.884270e-01 1.005071e-01 -3.603733e-02 2.665700e+00
7.311436e+03 3.321994e+02 5.899127e+02 1.109838e-01 6.686775e-01 6.753161e-02 -3.036532e-02 3.522672e+00
7.733172e+03 3.182117e+02 1.477483e+03 8.368025e-01 6.604387e-01 -6.921700e-02 3.909980e-02 2.836083e+00
7.568433e+03 2.647403e+02 6.994160e+02 6.584177e-01 5.428809e-01 3.090044e-02 1.842339e-02 3.193133e+00
7.372767e+03 3.230183e+02 1.543825e+03 1.136570e-01 1.158644e-01 1.205340e-01 3.299150e-02 2.848708e+00
7.516609e+03 2.584562e+02 6.109356e+02 7.406338e-02 4.794957e-01 -1.106191e-01 -1.252335e-02 3.328477e+00
7.664886e+03 2.761639e+02 5.704976e+02 1.704287e-01 9.278310e-01 -6.624077e-02 2.605562e-02 3.668376e+00
7.814169e+03 2.593824e+02 1.052175e+03 2.597860e-01 3.681218e-02 -8.709100e-03 3.513457e-02 3.095656e+00
7.533605e+03 3.422753e+02 9.913482e+02 1.389734e-01 2.200585e-01 -2.534680e-02 5.155296e-02 3.136528e+00
7.628045e+03 2.700799e+02 1.239189e+03 1.365973e-01 2.846102e-01 8.215416e-02 -4.184073e-02 3.114925e+00
7.409889e+03 2.702601e+02 1.196043e+03 9.790600e-01 4.684051e-01 1.600460e-01 3.703200e-02 1.988615e+00
7.279378e+03 2.800305e+02 1.362885e+03 2.282930e-01 5.850348e-01 3.505018e-02 -2.829308e-02 3.838028e+00
7.801640e+03 3.431865e+02 1.115547e+03 9.348952e-01 9.006759e-02 3.205007e-02 -3.022875e-02 2.208544e+00
7.837210e+03 2.577285e+02 1.421302e+03 4.454133e-01 3.500684e-01 4.369673e-02 2.998263e-03 3.492202e+00
7.237183e+03 2.506075e+02 1.652049e+03 9.764198e-01 6.183416e-02 3.057998e-02 3.903104e-02 1.979715e+00
7.494479e+03 3.442828e+02 1.491352e+03 9.959900e-01 9.617514e-01 9.279050e-02 -4.125305e-02 2.653386e+00
7.561813e+03 2.792011e+02 1.375484e+03 5.228496e-01 7.216276e-02 -7.914672e-02 -1.123203e-03 2.874462e+00
7.797188e+03 3.114401e+02 1.094621e+03 8.905763e-01 9.796100e-01 8.744715e-02 3.157431e-02 2.906595e+00
7.562732e+03 3.227712e+02 6.567063e+02 1.719398e-01 6.183051e-01 2.685657e-03 1.342679e-02 4.013158e+00
7.951653e+03 3.258355e+02 1.156183e+03 3.880920e-01 8.264161e-01 -1.250318e-01 2.473253e-03 3.487570e+00
7.764469e+03 3.121510e+02 9.434609e+02 3.408693e-01 2.384795e-01 -3.240197e-02 6.597064e-03 3.468937e+00
7.292605e+03 3.354430e+02 1.330401e+03 2.011448e-01 1.082123e-01 5.131423e-02 -4.953538e-02 2.999714e+00
7.527766e+03 2.940741e+02 7.051437e+02 6.184179e-02 6.234193e-01 -4.653270e-02 2.977573e-02 3.687774e+00
7.694851e+03 2.656526e+02 1.152518e+03 5.027510e-02 4.237619e-01 -1.308191e-01 4.424390e-02 3.023070e+00
7.309859e+03 2.982343e+02 7.134197e+02 4.803083e-02 5.186049e-03 2.588463e-02 2.341536e-02 3.395198e+00
7.766927e+03 3.216045e+02 1.544921e+03 6.729321e-01 2.605482e-01 1.706619e-01 2.515944e-02 2.343143e+00
7.945683e+03 2.974921e+02 1.051760e+03 4.843195e-01 5.106529e-02 -6.065646e-02 -1.458966e-02 2.892956e+00
7.874261e+03 2.504457e+02 1.612130e+03 5.863017e-01 2.485872e-01 -1.278189e-01 2.074924e-02 2.615007e+00
7.506928e+03 3.062515e+02 1.472620e+03 9.664613e-01 9.284623e-01 2.901201e-02 1.309273e-02 3.237901e+00
7.842316e+03 2.970623e+02 5.863333e+02 7.723132e-01 3.805221e-01 6.126959e-02 -4.904951e-02 2.491880e+00
7.827588e+03 2.516642e+02 7.250617e+02 8.962933e-02 4.367179e-01 -1.961724e-02 3.829222e-02 3.494215e+00
7.623949e+03 3.241457e+02 1.638981e+03 3.424812e-01 1.711362e-01 -7.603228e-02 3.537735e-02 2.931051e+00
7.893247e+03 3.465295e+02 5.465917e+02 4.042827e-01 1.259777e-01 -7.811616e-02 3.803854e-02 2.696086e+00
7.969489e+03 3.384592e+02 9.510827e+02 8.610852e-01 3.572683e-02 9.034912e-02 1.417862e-02 2.156947e+00
7.301403e+03 3.051702e+02 1.214070e+03 6.302810e-01 2.176183e-01 4.921543e-02 1.003658e-02 3.004090e+00
7.665745e+03 2.845080e+02 6.345831e+02 9.400935e-01 2.060550e-02 -4.766608e-02 -3.997659e-02 1.978578e+00
7.382294e+03 3.270973e+02 1.034779e+03 7.088986e-01 6.276408e-01 -1.611313e-01 -4.368667e-02 2.581950e+00
7.399462e+03 2.613865e+02 1.236852e+03 3.597151e-02 6.075269e-01 1.187095e-01 3.692545e-02 3.358604e+00
7.480731e+03 2.779898e+02 1.364769e+03 1.155428e-01 6.477804e-01 -1.005389e-01 -4.982002e-02 3.373363e+00
7.364768e+03 3.135850e+02 1.625379e+03 9.934128e-01 4.672092e-01 -5.829448e-02 4.510215e-02 2.233432e+00
7.524303e+03 3.009911e+02 1.548290e+03 3.359909e-01 8.391989e-01 -2.467207e-02 4.851948e-02 3.749110e+00
7.603226e+03 3.063670e+02 7.737837e+02 4.401109e-01 5.194955e-01 -8.695922e-02 1.811341e-02 3.140917e+00
7.468525e+03 2.533068e+02 5.259092e+02 9.629850e-01 5.149276e-01 -4.427022e-02 1.128473e-02 2.441259e+00
7.455115e+03 2.942718e+02 6.922182e+02 3.511854e-01 5.264781e-01 -1.235875e-01 2.921993e-02 2.954317e+00
7.203687e+03 3.225133e+02 5.016981e+02 6.362805e-01 9.402491e-01 7.180642e-02 -3.724732e-02 3.129556e+00
7.518336e+03 2.634158e+02 8.961415e+02 5.984928e-01 2.608764e-02 -7.234749e-02 3.856268e-02 2.467998e+00
7.417024e+03 2.921938e+02 1.448196e+03 7.170475e-02 8.917812e-01 1.674787e-02 -7.087353e-03 4.793829e+00
7.721151e+03 2.609502e+02 6.968553e+02 7.435110e-01 9.823766e-02 -5.523063e-04 -1.104739e-02 2.923227e+00
7.910669e+03 2.823142e+02 1.534946e+03 2.993353e-01 2.983907e-01 9.127980e-02 -4.843856e-02 2.917711e+00
7.265425e+03 3.452067e+02 5.596246e+02 8.633974e-01 5.539980e-01 -1.567467e-01 -4.594619e-02 2.220611e+00
7.293272e+03 3.245587e+02 7.670599e+02 1.813692e-01 3.521643e-01 -1.521803e-01 -4.957445e-02 2.724518e+00
7.769085e+03 3.360450e+02 5.275566e+02 8.965619e-01 9.925999e-01 1.710219e-01 1.934289e-02 2.616520e+00
7.746042e+03 2.948427e+02 6.009494e+02 8.126332e-01 4.913401e-01 9.429241e-02 4.051202e-02 2.434948e+00
7.422950e+03 2.680749e+02 1.146927e+03 2.363166e-01 8.763855e-01 -1.341001e-01 -4.856713e-02 3.339083e+00
7.817673e+03 3.444443e+02 1.191028e+03 4.838006e-01 1.505546e-01 7.515513e-02 3.412131e-02 2.743077e+00
7.231154e+03 3.138971e+02 1.019962e+03 9.219469e-01 5.103306e-01 2.165955e-05 1.628666e-02 2.891168e+00
7.315133e+03 2.688850e+02 8.285879e+02 2.444348e-01 2.317506e-01 1.678497e-01 -1.653321e-02 2.701097e+00
7.955359e+03 2.868832e+02 7.978454e+02 2.517146e-01 3.470372e-01 -1.389775e-01 2.370392e-02 2.852470e+00
7.867939e+03 2.878286e+02 1.456068e+03 4.517852e-01 6.877319e-01 4.195417e-02 -4.724627e-02 3.456246e+00
7.970272e+03 2.750372e+02 1.386062e+03 4.678976e-01 2.097466e-01 4.652128e-02 4.782442e-02 2.863006e+00
7.872752e+03 2.658574e+02 1.002472e+03 8.691414e-01 7.311005e-01 -2.162857e-03 1.581757e-02 3.205848e+00
7.361955e+03 2.758083e+02 1.089836e+03 9.694448e-01 1.520520e-01 -1.059707e-01 -3.541683e-03 2.002810e+00
7.933720e+03 3.355559e+02 1.233193e+03 4.416987e-01 4.469606e-01 6.629993e-02 -2.774186e-02 3.194773e+00
7.952787e+03 3.167378e+02 1.068645e+03 2.046846e-01 9.186099e-01 -1.586425e-01 2.482110e-02 3.407386e+00
7.984491e+03 3.024571e+02 1.291686e+03 8.054890e-01 5.797450e-01 8.988218e-02 4.027890e-02 2.646585e+00
7.911698e+03 2.917064e+02 1.067066e+03 5.145066e-01 8.799295e-01 3.657598e-02 -7.451603e-03 3.886031e+00
7.358652e+03 2.751836e+02 5.403819e+02 8.819324e-01 4.101130e-02 -5.306102e-02 -1.766727e-02 2.274061e+00
7.695461e+03 2.979106e+02 1.437061e+03 2.684435e-02 9.805819e-01 -2.334454e-02 -1.181293e-02 4.755983e+00
7.426764e+03 2.915029e+02 5.806140e+02 1.669613e-01 5.660851e-01 -8.281514e-02 4.111556e-02 3.206711e+00
7.405729e+03 2.873828e+02 1.456975e+03 3.538260e-01 9.308261e-01 -3.874695e-02 -2.488942e-02 4.131626e+00
7.640384e+03 3.203542e+02 6.330063e+02 4.238638e-01 7.490356e-01 -5.486194e-02 -3.269967e-02 3.349363e+00
7.930420e+03 2.666449e+02 1.507948e+03 2.053692e-01 2.771359e-01 -3.076298e-04 2.316430e-02 3.623018e+00
7.514933e+03 3.437979e+02 1.142642e+03 6.131755e-01 2.404303e-01 -6.153110e-02 2.256723e-02 2.847295e+00
7.739142e+03 2.716248e+02 1.020115e+03 9.231239e-02 8.246832e-02 -8.500936e-02 -1.102804e-02 3.165167e+00
7.270539e+03 2.720971e+02 5.889084e+02 4.622257e-01 9.969611e-01 1.668991e-01 9.550416e-03 3.250557e+00
7.437745e+03 3.211903e+02 8.815604e+02 9.649920e-01 5.862030e-01 1.163945e-01 3.999131e-02 2.191475e+00
7.556556e+03 2.709127e+02 8.498445e+02 1.576161e-01 3.884884e-01 -1.372998e-01 2.794961e-02 2.965408e+00
7.660134e+03 3.166165e+02 1.077094e+03 3.122160e-02 3.702232e-01 -9.689864e-02 -1.324030e-02 3.422179e+00
7.248145e+03 2.991637e+02 8.382269e+02 1.229370e-01 6.996675e-01 5.085678e-02 -1.595163e-02 3.890318e+00
7.949040e+03 2.938132e+02 1.557603e+03 8.496369e-02 6.697570e-01 -1.329632e-01 4.095487e-02 3.307738e+00
7.386020e+03 2.570854e+02 7.525383e+02 5.607180e-01 3.380221e-01 -1.491788e-01 2.355841e-02 2.553651e+00
7.689378e+03 2.664877e+02 1.639729e+03 2.265954e-01 9.773799e-01 4.419453e-02 -2.091310e-02 4.343362e+00
7.209940e+03 3.289064e+02 8.254262e+02 8.949223e-01 2.936872e-01 1.451530e-02 4.608534e-02 2.335564e+00
7.276979e+03 2.955720e+02 8.572711e+02 9.992317e-01 7.261216e-01 -1.392319e-01 6.706910e-04 2.298667e+00
7.339612e+03 2.575154e+02 1.540163e+03 8.770669e-01 5.671950e-01 6.498808e-02 -2.720415e-02 2.822758e+00
7.345915e+03 3.482111e+02 6.622358e+02 1.132506e-01 4.050753e-01 6.399548e-02 -3.172368e-02 3.358942e+00
7.991949e+03 3.058848e+02 1.023493e+03 4.103120e-01 6.865256e-01 -7.215279e-03 -1.117046e-02 3.995066e+00
7.395066e+03 3.188477e+02 1.199883e+03 9.859637e-01 3.635045e-01 -2.777611e-02 4.343247e-02 2.183516e+00
7.892134e+03 2.795994e+02 1.682363e+03 2.606806e-01 9.196350e-01 -5.114775e-02 -2.753619e-02 4.100601e+00
7.403640e+03 2.981102e+02 9.950268e+02 8.340126e-01 7.980428e-01 -1.404879e-01 3.981339e-02 2.645831e+00
7.495578e+03 2.897026e+02 6.486992e+02 5.872432e-01 8.577415e-01 5.510598e-02 -8.806462e-03 3.479750e+00
7.480298e+03 2.809545e+02 1.249546e+03 1.103106e-01 5.966281e-01 -4.088732e-02 3.638489e-02 3.735503e+00
7.756644e+03 2.776547e+02 7.041809e+02 2.195458e-01 6.484090e-01 1.967022e-02 4.339500e-02 3.488924e+00
7.717507e+03 3.163191e+02 7.111020e+02 7.662023e-01 8.880808e-01 -1.435854e-01 4.655957e-02 2.701622e+00
7.354336e+03 3.371501e+02 1.484741e+03 2.249963e-02 3.338295e-01 8.036835e-02 -3.051012e-02 3.414073e+00
7.333135e+03 2.821542e+02 1.358629e+03 7.661074e-02 8.629359e-01 -7.468152e-02 4.295350e-02 3.805557e+00
7.713780e+03 3.305037e+02 6.193930e+02 9.360201e-01 3.193316e-02 1.387939e-01 3.243753e-02 1.723150e+00
7.741262e+03 3.131565e+02 1.316495e+03 6.473804e-01 8.746799e-02 8.278036e-02 1.158270e-02 2.628658e+00
7.396868e+03 3.312170e+02 1.392672e+03 3.172587e-01 6.947561e-01 6.228959e-02 3.674360e-02 3.559452e+00
7.825198e+03 3.015896e+02 1.239258e+03 5.707346e-01 9.237031e-01 -1.411558e-01 -4.251140e-02 3.114889e+00
7.834945e+03 2.735005e+02 1.526619e+03 5.171653e-01 7.739318e-02 1.068530e-01 2.807037e-02 2.536777e+00
7.370395e+03 2.519512e+02 1.556859e+03 9.118685e-01 6.644427e-01 8.286039e-02 -2.827222e-03 2.938585e+00
7.941141e+03 3.333265e+02 1.157769e+03 4.286536e-01 4.957447e-01 -1.599720e-01 3.463641e-02 2.756856e+00
7.485899e+03 3.367567e+02 1.176553e+03 3.555123e-01 2.949631e-01 1.287629e-01 1.942237e-02 2.857188e+00
7.727789e+03 2.659331e+02 6.101350e+02 7.579590e-01 2.285105e-01 -4.739227e-02 -4.484729e-02 2.478196e+00
7.450828e+03 3.430430e+02 1.569046e+03 4.863592e-01 4.343997e-01 1.197077e-01 1.021944e-02 3.054280e+00
7.675170e+03 3.044317e+02 1.346410e+03 7.607457e-01 1.686624e-01 -3.816016e-02 -1.562705e-02 2.783511e+00
7.709219e+03 3.382785e+02 9.367937e+02 1.070904e-02 7.194996e-01 4.543936e-02 -2.096201e-02 4.000034e+00
7.474301e+03 3.399197e+02 5.519502e+02 1.596095e-01 1.477090e-01 -1.952334e-02 3.067598e-02 3.314720e+00
7.936690e+03 2.913128e+02 1.360275e+03 5.572842e-01 1.906350e-01 -1.609915e-01 -4.645953e-02 2.300899e+00
7.858358e+03 3.455086e+02 9.106072e+02 2.213083e-01 6.834805e-01 -1.451448e-01 -3.939548e-03 3.339466e+00
7.482379e+03 2.855070e+02 1.583972e+03 8.727308e-01 5.313945e-01 9.212232e-02 4.275271e-02 2.544742e+00
7.380489e+03 3.127356e+02 8.096873e+02 3.934477e-01 4.193970e-01 -2.322844e-02 -4.542095e-02 3.165693e+00
7.489888e+03 2.615780e+02 9.686100e+02 1.317543e-01 2.680062e-01 -1.077053e-01 5.215432e-02 2.847864e+00
7.252820e+03 3.439449e+02 9.992420e+02 9.295339e-01 9.161794e-01 -1.153649e-01 -3.705913e-02 2.683778e+00
7.259984e+03 3.363355e+02 1.539871e+03 5.977690e-02 1.536087e-01 -7.572853e-03 -4.690148e-02 3.291849e+00
7.294665e+03 2.729026e+02 1.286538e+03 1.431822e-01 1.653591e-01 1.292800e-01 -4.996798e-03 3.021434e+00
7.972503e+03 3.233005e+02 1.532928e+03 6.541385e-01 6.408831e-01 -1.400298e-01 1.967790e-02 2.921158e+00
7.836434e+03 2.622284e+02 1.324829e+03 5.177309e-01 5.230592e-01 -3.385881e-03 5.837206e-03 3.877386e+00
7.243958e+03 2.513933e+02 1.139108e+03 1.455808e-01 8.192086e-01 -5.926128e-02 -4.376924e-02 3.759209e+00
7.937096e+03 3.242813e+02 1.656955e+03 4.474406e-01 7.825965e-01 -1.238671e-01 1.664330e-02 3.409757e+00
7.746752e+03 3.425429e+02 1.664418e+03 8.633888e-02 1.926434e-03 -1.137095e-02 -4.819326e-02 3.075766e+00
7.954207e+03 2.963570e+02 9.046475e+02 8.019138e-01 6.209478e-01 1.038262e-01 3.730911e-02 2.587640e+00
7.686874e+03 3.220615e+02 1.645965e+03 6.207374e-01 4.022512e-01 -6.691966e-02 -2.287225e-02 3.066843e+00
7.673850e+03 2.850346e+02 1.241609e+03 1.409905e-01 9.370219e-01 -1.227578e-02 1.598129e-02 4.542122e+00
7.820545e+03 2.589057e+02 7.440351e+02 5.800557e-01 9.459909e-01 -1.540982e-01 1.791884e-02 3.097231e+00
7.788553e+03 3.178449e+02 8.673047e+02 5.561968e-02 2.920832e-01 -1.718604e-01 -1.411781e-02 2.889336e+00
7.920416e+03 3.424364e+02 9.887254e+02 6.696629e-01 9.010207e-01 4.768131e-02 -3.860885e-02 3.310939e+00
7.274811e+03 2.960002e+02 6.163316e+02 5.748713e-01 8.489902e-01 1.648935e-01 -5.086199e-02 2.806288e+00
7.737815e+03 2.577868e+02 5.917810e+02 3.501970e-01 1.334605e-02 -7.301998e-02 -3.202082e-02 2.759744e+00
7.974839e+03 2.774419e+02 1.410766e+03 3.448798e-01 4.886354e-01 -9.389648e-02 4.755276e-02 3.035269e+00
7.715274e+03 2.769809e+02 1.629156e+03 7.425854e-01 9.355548e-01 9.870046e-02 -4.740848e-02 3.156950e+00
7.555533e+03 2.574276e+02 5.563290e+02 4.990350e-01 1.841987e-01 5.768579e-02 8.887813e-03 3.005297e+00
7.366529e+03 3.157862e+02 7.157855e+02 5.949725e-01 4.662721e-01 1.577879e-01 3.278051e-02 2.551962e+00
7.201787e+03 2.618336e+02 1.176829e+03 5.941033e-01 7.454942e-01 -1.509782e-01 -1.260170e-02 3.093876e+00
7.616068e+03 2.709844e+02 1.039543e+03 5.679335e-01 5.958836e-01 -1.619750e-01 -3.359970e-03 2.921022e+00
7.320333e+03 2.627607e+02 1.174903e+03 3.583770e-01 3.927005e-01 -6.958965e-02 4.351394e-03 3.417058e+00
7.383689e+03 3.263109e+02 1.134998e+03 3.266167e-01 1.435723e-01 -1.355317e-01 -1.331199e-02 2.738951e+00
7.590760e+03 3.473088e+02 1.219977e+03 6.117522e-02 9.857872e-01 1.437195e-01 6.195371e-03 3.864045e+00
7.948735e+03 2.556896e+02 1.318987e+03 3.628408e-01 5.375979e-01 1.148051e-01 2.155710e-02 3.153766e+00
7.798412e+03 3.184158e+02 1.412370e+03 5.789827e-01 1.565839e-01 -5.965255e-02 9.715299e-04 3.016672e+00
7.988226e+03 2.858772e+02 7.552059e+02 1.913988e-01 7.722775e-01 2.940317e-02 4.206064e-02 3.618041e+00
7.296075e+03 2.569275e+02 1.393713e+03 7.797058e-01 2.734996e-01 1.733211e-01 6.884052e-03 2.314225e+00
7.216702e+03 3.418750e+02 1.180112e+03 7.101667e-01 8.866630e-02 1.694709e-02 1.398123e-02 2.917173e+00
7.889293e+03 2.587287e+02 1.101121e+03 4.156260e-01 6.353929e-01 -8.027447e-02 3.025521e-02 3.257249e+00
7.705803e+03 2.929907e+02 1.287361e+03 7.527698e-01 6.386926e-01 -2.411029e-03 5.014684e-02 2.960986e+00
7.626960e+03 2.950515e+02 1.623894e+03 4.169231e-01 7.289933e-01 -1.439342e-01 7.874767e-03 3.364732e+00
7.998400e+03 2.816887e+02 1.496947e+03 7.258322e-01 9.508653e-01 4.151276e-02 -6.842526e-03 3.788089e+00
7.577253e+03 2.985519e+02 1.687518e+03 1.556094e-01 2.390263e-01 5.435580e-02 5.323122e-03 3.595582e+00
7.586113e+03 2.564288e+02 1.622155e+03 8.140396e-01 5.357860e-01 -1.476486e-01 -4.265083e-02 2.484976e+00
7.611347e+03 2.686293e+02 1.053868e+03 9.306913e-01 3.534947e-01 1.568403e-02 3.224396e-02 2.474003e+00
7.532652e+03 2.785522e+02 1.520702e+03 6.143559e-01 7.515269e-02 -1.616669e-01 4.826203e-02 2.113570e+00
7.462258e+03 2.522848e+02 1.332069e+03 5.524563e-01 2.024271e-01 1.527452e-01 -3.103284e-02 2.439839e+00
7.277997e+03 3.110510e+02 1.026164e+03 9.482956e-01 9.869045e-01 -4.183096e-02 4.869974e-03 3.230330e+00
7.258689e+03 2.566242e+02 1.099355e+03 7.615324e-01 9.525314e-01 1.549119e-01 2.133966e-02 3.007440e+00
7.450599e+03 3.250062e+02 6.758314e+02 7.949174e-01 8.412141e-01 1.347328e-01 -3.469315e-02 2.711396e+00
7.356968e+03 3.314641e+02 1.607347e+03 8.218739e-01 1.885168e-01 -4.002661e-02 5.125240e-03 2.786203e+00
7.440557e+03 3.260257e+02 7.854624e+02 5.484986e-01 7.213172e-01 -3.830581e-03 -1.140803e-02 3.798599e+00
7.529402e+03 2.640994e+02 1.518768e+03 7.039588e-01 5.367504e-01 -1.287465e-01 4.968716e-02 2.617303e+00
7.860647e+03 2.725161e+02 1.162814e+03 6.773219e-01 4.645615e-01 -1.284006e-01 -1.048557e-02 2.752475e+00
7.441516e+03 3.251679e+02 8.184914e+02 2.124007e-01 7.733719e-01 -1.838065e-02 3.779617e-02 3.734228e+00
7.761729e+03 2.861091e+02 7.687390e+02 8.850224e-01 6.000192e-01 1.194702e-01 4.707583e-02 2.323103e+00
7.611779e+03 2.910429e+02 1.665921e+03 3.152962e-01 8.361989e-01 -1.263660e-02 -2.905725e-02 4.162202e+00
7.939374e+03 3.042640e+02 1.604812e+03 6.113114e-01 5.944352e-01 -1.371197e-01 -1.741919e-02 2.979028e+00
7.295358e+03 3.341121e+02 1.327230e+03 4.264024e-01 2.662858e-01 2.746045e-02 -6.485503e-03 3.541700e+00
7.869457e+03 3.090148e+02 1.339217e+03 3.977613e-01 2.585668e-01 1.714203e-01 -6.302972e-03 2.686837e+00
7.622435e+03 3.068522e+02 1.371144e+03 6.633879e-01 1.756785e-01 8.377716e-02 -4.987942e-02 2.453524e+00
7.966172e+03 2.560814e+02 1.400152e+03 8.097296e-01 5.468892e-01 6.843350e-02 -1.969548e-02 2.895355e+00
7.304245e+03 2.780240e+02 1.306470e+03 6.315771e-01 9.902247e-01 -1.445355e-01 1.727402e-02 3.330525e+00
7.631338e+03 2.807575e+02 8.646706e+02 2.138675e-01 5.621224e-02 -8.910054e-02 -4.038757e-02 2.765683e+00
7.386738e+03 2.881296e+02 1.278508e+03 1.332269e-01 9.707645e-01 -1.071213e-01 -1.502876e-02 3.960500e+00
7.751217e+03 3.248852e+02 8.484678e+02 1.636622e-01 4.224230e-01 2.502776e-02 3.211286e-03 3.923803e+00
7.859201e+03 2.733757e+02 1.192156e+03 1.752134e-01 6.368435e-01 7.384338e-02 -2.936288e-03 3.809854e+00
7.560858e+03 2.527571e+02 1.536754e+03 4.112383e-01 5.576917e-01 -8.315384e-02 -5.064607e-02 3.132760e+00
7.251274e+03 2.748546e+02 5.383022e+02 1.616164e-01 9.013773e-01 5.978758e-02 -5.695496e-04 3.975638e+00
7.217680e+03 3.144620e+02 1.282141e+03 6.803579e-01 4.447619e-01 -1.318521e-02 -8.636891e-03 3.497813e+00
7.990489e+03 2.847998e+02 6.742319e+02 9.019240e-01 7.861795e-01 -1.488121e-01 -3.783860e-02 2.407289e+00
7.433124e+03 2.862696e+02 7.366232e+02 4.382304e-01 6.415629e-01 -5.767524e-02 -2.856978e-02 3.327244e+00
7.600839e+03 3.269876e+02 5.634170e+02 7.714545e-01 1.723619e-01 1.570730e-01 2.179493e-03 2.213477e+00
7.710713e+03 2.763531e+02 1.301739e+03 7.514810e-01 5.835600e-02 1.426953e-01 1.427213e-04 2.235125e+00
7.854084e+03 3.223346e+02 7.112882e+02 6.925843e-01 1.375873e-01 -6.363318e-02 -2.701540e-02 2.571895e+00
7.896096e+03 3.133284e+02 1.217255e+03 1.402889e-02 7.598878e-01 5.614413e-02 1.780507e-02 4.036018e+00
7.927533e+03 3.214601e+02 1.028938e+03 6.420688e-02 7.161841e-01 -1.307716e-01 2.678901e-02 3.391391e+00
7.244988e+03 2.893102e+02 6.893087e+02 1.472263e-01 7.239993e-01 6.546919e-02 4.575409e-02 3.456361e+00
7.815199e+03 3.088239e+02 1.576320e+03 6.856279e-01 2.433309e-01 2.349551e-02 -9.882315e-03 3.156388e+00
7.448001e+03 2.917646e+02 1.643954e+03 7.022532e-01 9.220928e-01 -4.835939e-02 3.868064e-02 3.532065e+00
7.823729e+03 2.674761e+02 6.282180e+02 9.815903e-01 2.632159e-01 -3.848024e-02 3.205398e-02 2.069320e+00
7.535885e+03 3.186424e+02 1.315488e+03 8.711027e-01 4.710240e-01 1.133015e-01 -3.982331e-02 2.402375e+00
7.672756e+03 2.554428e+02 1.122851e+03 2.828479e-01 4.130843e-01 1.456707e-01 4.874238e-02 2.762777e+00
7.762850e+03 3.334076e+02 1.469855e+03 9.978786e-02 9.324331e-01 6.287390e-02 -1.023305e-02 4.292865e+00
7.234713e+03 3.318843e+02 1.356751e+03 8.879636e-01 5.593187e-01 6.259193e-02 1.070891e-02 2.877251e+00
7.693407e+03 3.028420e+02 1.481670e+03 2.825038e-01 6.929651e-01 -1.507273e-02 3.438236e-02 3.836497e+00
7.775739e+03 3.153324e+02 1.252992e+03 6.962578e-01 1.773471e-02 1.171656e-01 -1.388047e-02 2.321133e+00
7.630578e+03 2.866080e+02 1.119672e+03 4.359133e-01 3.831281e-01 7.867326e-02 3.944942e-02 2.960350e+00
7.735830e+03 3.447575e+02 5.452694e+02 5.054012e-01 9.241540e-01 -7.566990e-02 -3.763024e-02 3.236073e+00
7.483293e+03 2.512435e+02 1.694947e+03 1.013234e-01 4.877757e-01 1.050655e-01 5.450632e-03 3.615535e+00
7.977628e+03 2.624028e+02 6.068178e+02 2.656554e-01 2.808514e-01 4.677685e-03 -1.283276e-03 3.834261e+00
7.352679e+03 3.344667e+02 1.004483e+03 5.701960e-01 4.972235e-01 -1.027799e-01 -1.935720e-02 2.973532e+00
7.839353e+03 3.160303e+02 9.400814e+02 5.961758e-01 2.619469e-01 -1.653059e-01 -4.938867e-02 2.256167e+00
7.573820e+03 2.995837e+02 7.796441e+02 4.588731e-01 9.486370e-01 -4.306489e-02 1.717112e-03 3.919153e+00
7.347155e+03 3.025494e+02 1.661481e+03 2.364397e-02 6.968444e-01 1.564248e-01 4.994073e-02 3.293839e+00
7.953540e+03 3.303945e+02 1.335283e+03 6.231651e-01 1.577340e-01 3.792809e-02 4.766481e-02 2.665011e+00
7.882721e+03 2.958144e+02 1.159590e+03 5.357148e-01 4.410092e-01 7.350995e-02 -3.574375e-02 2.978330e+00
7.900249e+03 3.099671e+02 5.441372e+02 9.607930e-01 2.050296e-01 3.960850e-02 -2.230518e-02 2.189373e+00
7.408827e+03 3.280596e+02 6.852824e+02 5.191056e-02 1.315888e-01 -5.229335e-02 -4.619627e-02 3.110995e+00
7.661149e+03 3.470259e+02 1.305694e+03 3.593810e-01 3.720529e-01 8.904944e-02 -7.721610e-03 3.271033e+00
7.558900e+03 2.898982e+02 8.030083e+02 5.537226e-01 2.568618e-01 -2.218873e-02 -3.107676e-05 3.365265e+00
7.507845e+03 2.662458e+02 7.332397e+02 8.624093e-01 2.080934e-01 -1.222510e-01 4.189041e-02 2.029266e+00
7.678814e+03 2.655912e+02 8.903931e+02 7.175848e-01 4.066645e-01 -1.707613e-01 2.254106e-03 2.493566e+00
7.390222e+03 2.649037e+02 7.188551e+02 7.588529e-01 1.793860e-01 4.699415e-02 4.170058e-02 2.464333e+00
7.531588e+03 3.267268e+02 9.299379e+02 2.975235e-01 1.593878e-01 1.314133e-01 2.773843e-02 2.673134e+00
7.646794e+03 3.018391e+02 1.310892e+03 4.634615e-01 3.676562e-01 1.837990e-02 3.368607e-02 3.273163e+00
7.567155e+03 3.294787e+02 1.620313e+03 2.799919e-01 1.037884e-01 1.180415e-01 -9.087765e-04 2.944803e+00
7.243289e+03 3.369362e+02 1.494942e+03 3.879875e-05 5.836280e-01 1.607655e-01 -2.366858e-02 3.345910e+00
7.534284e+03 3.020206e+02 1.168068e+03 5.331189e-01 6.061539e-01 -1.644288e-01 1.122362e-04 2.998154e+00
7.411213e+03 3.032192e+02 9.260684e+02 8.907942e-01 7.084438e-01 -7.020685e-02 -9.719518e-03 2.870280e+00
7.639349e+03 3.350159e+02 1.574425e+03 5.006392e-01 7.769223e-01 5.690868e-02 3.330639e-02 3.567774e+00
7.809878e+03 2.737459e+02 7.065451e+02 9.869039e-01 8.100474e-02 1.719936e-01 4.865146e-02 1.457414e+00
7.472053e+03 3.045755e+02 1.195532e+03 5.996015e-01 1.910962e-01 1.228648e-01 -4.013738e-02 2.431103e+00
7.587037e+03 3.401205e+02 6.216913e+02 3.117787e-01 1.212506e-01 -6.747325e-02 9.240845e-03 3.090113e+00
7.626038e+03 3.358554e+02 1.596102e+03 2.766485e-01 3.709573e-01 -1.200696e-01 -3.737122e-02 2.981109e+00
7.232229e+03 2.606430e+02 6.370626e+02 3.343791e-01 8.879840e-01 -1.100952e-01 -1.684252e-02 3.452425e+00
7.284000e+03 2.544842e+02 1.243145e+03 3.902644e-01 6.520067e-01 -1.700142e-01 2.935536e-02 2.991504e+00
7.233321e+03 2.579710e+02 1.593193e+03 3.568037e-01 1.993840e-01 1.410710e-01 -2.013169e-02 2.762653e+00
7.944947e+03 2.557742e+02 1.225876e+03 5.240874e-01 8.755579e-01 -9.456321e-03 -2.554127e-02 3.850333e+00
7.977008e+03 3.394395e+02 1.467705e+03 1.969693e-01 7.073619e-01 5.265095e-02 -1.197084e-02 3.990801e+00
7.410785e+03 3.057130e+02 8.690613e+02 8.418842e-01 2.694362e-01 9.414789e-03 -1.865619e-02 2.803922e+00
7.570696e+03 3.193853e+02 8.398444e+02 1.552508e-02 9.744017e-01 -6.395119e-02 -4.563873e-02 3.834829e+00
7.520279e+03 2.798371e+02 1.501683e+03 9.389761e-01 9.394798e-01 1.742897e-01 2.529386e-02 2.708811e+00
7.728932e+03 2.731157e+02 1.337035e+03 5.235597e-03 7.439562e-01 1.618460e-01 4.531625e-02 3.291574e+00
7.523103e+03 3.306844e+02 1.515354e+03 3.629984e-02 4.866737e-02 -1.030159e-02 5.029051e-02 3.098231e+00
7.659421e+03 3.379069e+02 1.509371e+03 5.887493e-01 8.596641e-01 -1.029090e-01 3.977541e-03 3.538603e+00
7.985212e+03 3.291251e+02 1.435735e+03 4.694409e-01 3.427634e-01 -3.390938e-02 -4.796531e-02 3.052175e+00
7.469890e+03 2.787344e+02 5.878528e+02 6.497842e-01 7.252154e-01 1.451640e-01 -2.637164e-02 2.787630e+00
7.636132e+03 2.603272e+02 1.511017e+03 2.396787e-01 5.888379e-01 8.342186e-03 1.575539e-02 4.132282e+00
7.374404e+03 2.942532e+02 1.499024e+03 3.791704e-01 2.528926e-01 7.680206e-02 -3.119288e-02 3.042876e+00
7.848584e+03 3.331066e+02 1.193840e+03 1.947164e-01 5.554894e-01 -4.252873e-02 1.268888e-02 3.821970e+00
7.958443e+03 2.793962e+02 1.445467e+03 4.551041e-01 6.884451e-01 -2.185560e-02 -3.408696e-02 3.653325e+00
7.583449e+03 3.037543e+02 7.597386e+02 3.309570e-01 4.080800e-01 8.888221e-02 -1.984179e-03 3.268132e+00
7.968638e+03 3.052351e+02 5.294650e+02 1.349947e-01 2.471397e-01 -1.217507e-01 2.419525e-02 2.904606e+00
7.701280e+03 3.179259e+02 1.344190e+03 5.624410e-01 8.171711e-01 -1.161982e-01 -2.149345e-02 3.299677e+00
7.899303e+03 3.162575e+02 7.345723e+02 3.210256e-01 4.155141e-01 2.967777e-03 -3.747834e-02 3.320183e+00
7.730694e+03 3.374994e+02 1.178730e+03 4.574046e-01 1.272996e-01 9.705050e-02 2.403011e-02 2.716121e+00
7.882334e+03 2.598589e+02 5.329253e+02 2.332307e-01 6.541318e-01 -9.330559e-02 1.105421e-03 3.467884e+00
7.960308e+03 3.040566e+02 6.501897e+02 3.987668e-01 3.600685e-01 -1.736016e-01 2.327951e-02 2.606390e+00
7.606786e+03 2.920721e+02 5.586627e+02 8.385624e-01 4.576185e-01 -2.572322e-02 -1.889908e-02 2.810828e+00
7.503496e+03 3.233530e+02 1.440306e+03 2.246779e-01 9.755401e-01 -7.335079e-02 3.605722e-02 3.899951e+00
7.811374e+03 3.116491e+02 7.565760e+02 1.173339e-01 1.280503e-01 4.704046e-02 -5.170114e-02 3.036696e+00
7.686256e+03 2.797001e+02 6.052775e+02 1.314113e-02 8.984119e-01 1.691819e-01 -5.048582e-02 3.234197e+00
7.781325e+03 2.923345e+02 6.512903e+02 7.817224e-01 1.513696e-01 1.433484e-01 2.915583e-02 2.100175e+00
7.861382e+03 2.759394e+02 9.785545e+02 7.405868e-01 9.937309e-01 9.803657e-02 1.184770e-02 3.234628e+00
7.332232e+03 3.200036e+02 1.038912e+03 4.203417e-01 3.850974e-01 9.828771e-02 2.082305e-02 3.014518e+00
7.663794e+03 3.238636e+02 9.079045e+02 7.745908e-01 5.531143e-01 -6.245560e-02 3.479320e-02 2.763266e+00
7.460183e+03 2.707995e+02 1.382163e+03 3.722649e-01 3.658656e-01 -8.738534e-02 -9.123944e-03 3.271349e+00
7.735439e+03 2.834016e+02 8.337438e+02 6.184166e-01 2.214086e-01 -1.207147e-01 -3.507844e-02 2.441386e+00
7.263641e+03 3.049196e+02 7.381801e+02 7.078524e-01 7.055137e-01 -6.557660e-02 -1.661619e-02 3.137435e+00
7.326839e+03 3.001221e+02 1.244609e+03 4.351788e-02 8.962847e-01 1.386405e-01 3.112616e-02 3.615745e+00
7.618482e+03 2.538966e+02 5.928536e+02 7.113226e-01 9.897865e-03 -1.494725e-01 3.768693e-03 2.167289e+00
7.830060e+03 2.567636e+02 1.399006e+03 4.081110e-01 4.993274e-01 -1.551711e-01 -3.554661e-02 2.837402e+00
7.212253e+03 3.456649e+02 8.621610e+02 1.384805e-01 3.620880e-01 1.653049e-01 1.612114e-02 2.916002e+00
7.560251e+03 2.652588e+02 1.329202e+03 2.525984e-02 3.989990e-01 -1.505542e-01 -5.133743e-02 2.938304e+00
7.912674e+03 3.406065e+02 9.246361e+02 9.737946e-01 4.494887e-01 -3.933663e-02 6.765086e-03 2.482154e+00
7.873722e+03 2.829339e+02 1.616785e+03 3.125496e-01 4.465057e-01 8.702195e-02 -3.247839e-03 3.468246e+00
7.209141e+03 3.021587e+02 9.756691e+02 8.659204e-01 2.113621e-01 -5.363042e-02 -3.001369e-02 2.414197e+00
7.708057e+03 2.770920e+02 1.648410e+03 6.068019e-01 9.668911e-01 8.102542e-02 -4.890257e-02 3.430456e+00
7.636803e+03 2.599820e+02 1.365698e+03 8.776102e-01 1.167561e-02 3.255258e-02 3.319912e-02 2.257531e+00
7.549076e+03 3.076646e+02 5.685413e+02 6.432061e-01 7.607617e-01 -5.154889e-02 4.635210e-02 2.990396e+00
7.416435e+03 2.543080e+02 9.052522e+02 1.480319e-01 3.158523e-01 -1.246591e-01 -2.781607e-02 2.991434e+00
7.634090e+03 3.141220e+02 1.684257e+03 3.640907e-01 9.045272e-01 -6.223443e-02 -2.421425e-02 3.985092e+00
7.907552e+03 2.990159e+02 8.661655e+02 3.802641e-01 4.587231e-01 1.737365e-01 -4.059632e-02 2.656710e+00
7.701362e+03 3.029779e+02 8.863832e+02 1.606499e-01 6.562465e-01 8.369030e-02 2.965168e-02 3.437358e+00
7.426046e+03 2.846021e+02 6.643351e+02 8.858973e-01 5.235478e-02 3.362545e-02 6.999394e-04 2.487894e+00
7.324505e+03 2.957096e+02 6.941310e+02 6.169888e-01 3.093648e-01 -8.149277e-02 1.138023e-02 2.829695e+00
7.961759e+03 2.804264e+02 1.606749e+03 7.998640e-01 1.060826e-01 1.202994e-02 -2.943538e-02 2.623510e+00
7.893383e+03 3.345659e+02 1.512948e+03 1.423996e-01 4.003559e-01 -5.629182e-02 4.602165e-02 3.336995e+00
7.229773e+03 2.594719e+02 9.619380e+02 4.055994e-01 5.733254e-01 -9.910009e-02 -5.225984e-02 2.979586e+00
7.748836e+03 3.347368e+02 6.614430e+02 2.296693e-01 1.629680e-01 -1.184215e-01 4.478626e-02 2.660781e+00
7.413496e+03 2.673722e+02 6.573366e+02 7.370323e-01 1.298120e-01 -9.149090e-02 5.657613e-03 2.490827e+00
7.605788e+03 3.153915e+02 1.103359e+03 3.077709e-01 7.029677e-01 1.534409e-01 -1.377001e-02 3.257025e+00
7.255152e+03 3.124948e+02 9.578153e+02 1.862113e-01 1.249009e-01 1.949043e-02 -1.287308e-02 3.603974e+00
7.857993e+03 3.181197e+02 8.775856e+02 8.741910e-02 8.178876e-01 -1.119332e-01 4.394819e-02 3.391018e+00
7.443720e+03 3.416390e+02 9.423368e+02 7.848199e-03 5.304039e-01 -8.345464e-02 2.583495e-02 3.521304e+00
7.504425e+03 2.881937e+02 1.262984e+03 7.785126e-01 9.446738e-01 1.111294e-01 -3.546175e-02 3.076989e+00
7.743714e+03 2.815264e+02 1.087506e+03 3.949112e-01 6.678702e-01 1.297925e-01 -2.958334e-02 3.115254e+00
7.834410e+03 2.826902e+02 1.598205e+03 9.556243e-01 6.018521e-02 4.564484e-02 8.596032e-03 2.201975e+00
7.553142e+03 3.165136e+02 6.430973e+02 2.631099e-01 8.863525e-01 1.637190e-01 1.299354e-03 3.382620e+00
7.543256e+03 2.841510e+02 1.486066e+03 9.141062e-01 2.441980e-01 -9.055456e-02 -1.539911e-02 2.311608e+00
7.777925e+03 3.259595e+02 1.211661e+03 3.018624e-01 1.814666e-01 -5.513712e-02 3.138089e-02 3.079332e+00
7.429005e+03 2.911254e+02 1.353282e+03 9.678490e-01 3.325109e-02 1.263584e-01 -1.350689e-02 1.772731e+00
7.404302e+03 3.327727e+02 8.358801e+02 5.664229e-01 5.895222e-01 1.241780e-02 -1.156282e-02 3.656970e+00
7.878645e+03 2.838459e+02 1.086075e+03 4.761588e-01 9.646678e-01 5.923104e-02 8.432608e-03 3.843249e+00
7.206389e+03 2.503618e+02 9.342593e+02 7.980174e-01 4.395741e-01 8.811511e-02 -3.828005e-02 2.543489e+00
7.776767e+03 2.876067e+02 7.503491e+02 7.703085e-01 2.061748e-01 -8.403010e-02 9.889321e-03 2.514967e+00
7.934254e+03 3.311423e+02 1.656629e+03 4.899245e-01 3.307410e-03 1.492071e-02 3.790497e-02 2.799926e+00
7.981871e+03 2.703696e+02 1.683851e+03 2.652002e-01 1.862905e-01 1.471600e-01 2.548387e-02 2.719391e+00
7.980918e+03 2.643698e+02 1.148536e+03 9.622036e-01 1.009220e-01 -1.353230e-01 -2.873662e-02 1.749529e+00
7.707728e+03 3.336137e+02 1.045368e+03 8.044653e-01 2.074044e-01 6.366677e-02 4.086574e-02 2.373795e+00
7.452071e+03 3.450951e+02 1.273580e+03 2.268280e-01 1.181044e-01 -1.232083e-01 -5.204602e-02 2.611028e+00
7.435237e+03 3.175705e+02 7.211933e+02 6.782250e-01 8.135139e-01 1.480204e-01 3.389525e-03 2.978685e+00
7.901441e+03 3.070381e+02 1.407862e+03 9.378511e-01 5.624356e-01 -9.791353e-02 2.890842e-02 2.433420e+00
7.801400e+03 2.914068e+02 1.017740e+03 5.644315e-01 1.959937e-01 -1.810018e-02 -3.331800e-02 2.956444e+00
7.271984e+03 2.969288e+02 1.527954e+03 1.935738e-01 5.387119e-01 1.505682e-01 -3.478424e-02 3.128306e+00
7.367503e+03 3.195619e+02 1.269546e+03 6.214444e-01 3.594567e-01 -5.784462e-03 -4.226061e-02 2.985476e+00
7.965724e+03 2.654627e+02 5.771467e+02 2.906695e-01 6.762715e-01 9.084792e-02 2.172649e-02 3.274214e+00
7.466240e+03 3.320572e+02 1.132894e+03 3.615703e-01 4.977893e-01 1.642440e-01 -2.676077e-02 2.883361e+00
7.401880e+03 3.396573e+02 1.274678e+03 8.997745e-01 7.827663e-01 -1.203051e-01 3.823645e-02 2.644140e+00
7.740316e+03 3.207387e+02 5.337857e+02 3.490753e-01 6.086908e-01 -6.798552e-02 1.229702e-02 3.368467e+00
7.269174e+03 3.204114e+02 7.762306e+02 3.520867e-01 7.508373e-01 6.742309e-02 -3.789221e-02 3.395058e+00
7.476726e+03 3.036980e+02 1.572046e+03 2.239756e-01 7.687264e-01 -1.657355e-01 4.294813e-03 3.514639e+00
7.697267e+03 2.932606e+02 5.092214e+02 1.214338e-01 4.265494e-01 1.312343e-01 -3.226986e-02 2.983947e+00
7.389727e+03 3.377555e+02 1.428634e+03 4.188165e-01 3.404579e-01 -2.928383e-02 4.734668e-02 3.120539e+00
7.773888e+03 2.808170e+02 5.698755e+02 4.959162e-01 6.192152e-01 1.270592e-01 -5.145682e-02 2.740735e+00
7.420686e+03 3.082513e+02 1.383769e+03 3.832527e-01 5.925410e-01 1.256339e-01 -4.452028e-02 3.042687e+00
7.655575e+03 3.007456e+02 1.431835e+03 9.779772e-01 7.716792e-01 9.948041e-02 -4.314024e-02 2.472833e+00
7.716399e+03 2.626648e+02 1.212321e+03 6.007213e-01 8.120894e-01 1.352852e-01 7.208434e-03 3.213354e+00
7.710962e+03 2.623331e+02 1.386880e+03 8.258221e-01 3.642152e-01 -4.415469e-02 -5.628156e-03 2.925767e+00
7.683417e+03 2.996282e+02 9.211484e+02 5.422357e-01 2.263891e-01 1.318838e-01 -3.723106e-03 2.667934e+00
7.683417e+03 2.996282e+02 9.211484e+02 5.422357e-01 2.263891e-01 1.318838e-01 -3.723106e-03 2.669392e+00
7.523425e+03 2.601712e+02 1.594401e+03 9.343327e-02 5.701528e-01 -9.752399e-02 3.893426e-02 3.428502e+00
7.288766e+03 2.638893e+02 5.543100e+02 2.072324e-01 5.425929e-01 1.494251e-01 1.559263e-02 3.062302e+00
7.687675e+03 3.411965e+02 1.027050e+03 7.904083e-01 6.584402e-02 1.359801e-01 1.171972e-02 2.146194e+00
7.425016e+03 2.747470e+02 1.529161e+03 3.381554e-01 6.445470e-01 -1.190188e-01 -1.822669e-02 3.396105e+00
7.691159e+03 3.095090e+02 1.375104e+03 3.968310e-01 6.790425e-01 1.258699e-01 1.033836e-02 3.333988e+00
7.989786e+03 2.548848e+02 1.690166e+03 9.200446e-01 3.092872e-01 -1.502466e-01 2.009615e-02 2.120541e+00
7.496845e+03 3.198165e+02 1.005878e+03 5.912478e-01 5.892833e-02 -1.466969e-02 -3.395641e-02 2.799612e+00
7.992990e+03 3.240827e+02 1.571851e+03 7.213515e-01 7.385541e-01 -4.465950e-03 -1.621389e-03 3.937228e+00
7.338138e+03 3.325096e+02 6.957174e+02 6.825076e-01 7.126482e-01 7.785876e-03 -2.792815e-02 3.292141e+00
7.400013e+03 3.039917e+02 1.189153e+03 3.612876e-01 4.102820e-01 6.916445e-02 4.726504e-02 3.051544e+00
7.366006e+03 3.092970e+02 1.063831e+03 5.403066e-01 5.053820e-01 4.808736e-02 -4.064387e-02 3.137005e+00
7.350726e+03 2.765172e+02 1.427227e+03 9.416517e-01 7.850733e-01 -3.583570e-02 -7.632025e-03 3.197746e+00
7.225063e+03 2.840402e+02 1.114039e+03 3.926272e-01 4.521639e-01 -1.172807e-01 4.175316e-03 3.162557e+00
7.599770e+03 2.611453e+02 9.143814e+02 5.202588e-01 1.265425e-02 2.248011e-02 5.116821e-02 2.589026e+00
7.866141e+03 2.667701e+02 5.068203e+02 2.382184e-01 9.467011e-01 5.373837e-02 4.914281e-02 3.464565e+00
7.298203e+03 2.832391e+02 9.454763e+02 7.275935e-01 3.071696e-01 -3.759426e-02 -2.446587e-02 2.880547e+00
7.491894e+03 3.255285e+02 1.248442e+03 1.540164e-01 3.236573e-01 -2.740419e-02 -4.173706e-02 3.434403e+00
7.677235e+03 3.208092e+02 1.590711e+03 2.936442e-01 5.493238e-01 -1.050019e-01 4.123321e-02 3.195440e+00
7.997561e+03 2.554911e+02 8.844798e+02 4.370881e-01 4.607565e-01 -8.467626e-02 -9.478594e-03 3.183399e+00
7.331036e+03 3.123436e+02 6.391307e+02 5.771652e-01 6.122152e-01 1.334733e-01 -4.586616e-02 2.707452e+00
7.939088e+03 3.359062e+02 1.675558e+03 8.486676e-01 6.811714e-02 -1.131987e-01 4.597288e-03 2.209617e+00
7.301059e+03 2.902627e+02 9.596586e+02 3.738494e-01 4.137585e-01 3.869017e-02 -5.110542e-02 3.140479e+00
7.629045e+03 3.389304e+02 1.373303e+03 6.027493e-01 8.850887e-01 -3.411632e-02 -4.421279e-02 3.549185e+00
7.200804e+03 3.217731e+02 5.189573e+02 6.927597e-02 5.707054e-01 1.560819e-01 -1.202056e-02 3.180371e+00
7.973843e+03 3.414377e+02 8.528588e+02 9.841002e-01 8.272002e-01 -6.577855e-02 5.978238e-03 2.618914e+00
7.779308e+03 3.273959e+02 1.083172e+03 7.146463e-01 8.603092e-01 8.190016e-02 -1.366222e-02 3.280142e+00
7.536783e+03 3.264647e+02 1.658482e+03 8.284085e-01 6.373788e-01 7.043671e-02 2.285527e-02 2.998199e+00
7.274606e+03 2.891678e+02 8.536990e+02 7.567332e-01 7.529359e-01 7.986051e-02 4.014689e-02 2.870964e+00
7.667597e+03 2.538189e+02 1.468604e+03 6.396174e-01 9.600895e-02 8.093604e-02 1.456823e-02 2.641195e+00
7.431886e+03 3.019327e+02 7.307355e+02 4.713781e-01 2.127319e-01 1.701287e-01 -3.197443e-02 2.401461e+00
7.499980e+03 2.984595e+02 1.611172e+03 7.250505e-01 3.582038e-01 -2.069121e-02 1.432077e-02 3.218242e+00
7.270321e+03 2.766366e+02 7.399284e+02 8.753426e-01 3.758084e-01 5.322503e-02 -5.219587e-02 2.355624e+00
7.334678e+03 2.857820e+02 1.654359e+03 5.033484e-01 6.108225e-01 7.029604e-03 3.868914e-04 4.184937e+00
7.418500e+03 2.607202e+02 9.492815e+02 5.720849e-01 5.109522e-01 9.920932e-03 2.380734e-02 3.386211e+00
7.679056e+03 3.022801e+02 9.206387e+02 8.925458e-02 5.042723e-01 1.118937e-02 -3.094244e-02 3.777902e+00
7.690587e+03 2.973172e+02 1.542872e+03 5.072690e-01 2.195940e-01 8.426915e-02 -1.525127e-02 2.938872e+00
7.307367e+03 2.501592e+02 1.008428e+03 6.278458e-01 9.200169e-01 1.082127e-01 -2.596357e-02 3.270205e+00
7.786081e+03 3.105860e+02 1.059480e+03 9.444752e-01 8.707735e-01 -1.744153e-01 -5.153352e-02 2.392873e+00
7.770529e+03 2.785046e+02 6.773367e+02 6.651101e-01 1.555362e-02 -1.023458e-01 4.561949e-02 2.195382e+00
7.760227e+03 3.357298e+02 9.170358e+02 2.165807e-01 3.262721e-01 -5.649416e-02 2.219144e-02 3.339062e+00
7.355784e+03 2.774838e+02 5.482534e+02 7.862028e-01 6.631055e-01 -9.851740e-02 1.952499e-03 2.841700e+00
7.790190e+03 2.884137e+02 5.724072e+02 4.928767e-01 5.184914e-01 1.373690e-01 -3.373180e-02 2.733308e+00
7.497974e+03 2.906125e+02 1.697622e+03 5.366389e-01 4.386319e-01 1.136970e-01 1.530587e-02 3.016650e+00
7.581976e+03 3.170263e+02 9.901519e+02 8.207002e-01 2.783406e-02 6.576518e-02 3.234810e-03 2.416586e+00
7.784281e+03 2.744447e+02 1.441986e+03 7.915921e-01 3.878858e-01 1.016496e-01 -2.161320e-02 2.617402e+00
7.430931e+03 3.421288e+02 1.577636e+03 8.392688e-01 5.775269e-01 7.267323e-02 2.575117e-02 2.869711e+00
7.941388e+03 3.134242e+02 8.596928e+02 7.934008e-01 7.570213e-01 -1.015245e-01 -9.610326e-03 2.917673e+00
7.692089e+03 3.272933e+02 9.279605e+02 3.175387e-01 2.370134e-01 -7.415410e-02 3.042170e-02 2.985674e+00
7.341764e+03 2.517377e+02 1.016413e+03 2.102439e-01 6.661995e-01 1.404141e-01 3.349487e-02 3.191510e+00
7.289954e+03 2.609099e+02 1.334514e+03 2.553735e-02 3.566132e-01 -9.621187e-02 -3.900106e-02 3.248652e+00
7.781549e+03 2.848662e+02 1.015044e+03 7.345863e-01 4.328752e-01 -1.677511e-01 3.717125e-02 2.346211e+00
7.383449e+03 3.054809e+02 1.402654e+03 7.482955e-01 2.731591e-01 7.743587e-02 7.092150e-03 2.767103e+00
7.926543e+03 2.870377e+02 6.828324e+02 4.487628e-01 4.149849e-02 -5.559871e-02 -1.398698e-02 2.936833e+00
7.343007e+03 3.282766e+02 9.709759e+02 9.599063e-01 9.425291e-01 5.459356e-02 4.803257e-02 2.727034e+00
7.592499e+03 3.337496e+02 7.160910e+02 5.775070e-01 3.735656e-01 4.313139e-02 -2.269628e-02 3.072724e+00
7.712451e+03 3.074486e+02 6.174859e+02 4.029633e-01 2.912510e-01 -7.721510e-02 2.720024e-02 2.924831e+00
7.800252e+03 3.084122e+02 6.686339e+02 6.487731e-01 1.344810e-01 1.526217e-01 4.916861e-02 2.117522e+00
7.855027e+03 3.171919e+02 1.460067e+03 8.158284e-01 8.017284e-01 -9.169638e-02 -4.718663e-02 2.880132e+00
7.759405e+03 2.768238e+02 1.633121e+03 7.127709e-01 4.864289e-01 2.177050e-02 -3.843733e-02 3.095971e+00
7.407631e+03 3.058388e+02 6.239162e+02 9.270041e-01 2.252305e-01 3.576640e-02 3.572284e-02 2.238883e+00
7.669128e+03 2.994583e+02 1.501117e+03 5.286642e-01 5.911929e-01 -4.356024e-02 2.856288e-02 3.442310e+00
7.313872e+03 3.376509e+02 1.449479e+03 7.328052e-02 5.344655e-01 9.223398e-02 -2.190261e-02 3.600120e+00
7.325105e+03 2.999819e+02 1.687024e+03 3.055607e-01 5.222913e-01 2.068439e-02 -1.304911e-02 4.068848e+00
7.282484e+03 2.618761e+02 8.776089e+02 4.515248e-02 7.925824e-01 -7.899866e-02 3.055806e-02 3.707326e+00
7.683103e+03 2.997706e+02 1.531472e+03 3.230397e-01 5.868838e-01 1.149795e-01 -1.511876e-02 3.367176e+00
7.336099e+03 3.046792e+02 1.492826e+03 6.687854e-01 3.169301e-01 -1.379828e-01 -4.352695e-02 2.448188e+00
7.238404e+03 3.172872e+02 6.445495e+02 9.465661e-01 2.536754e-01 -9.014350e-02 -3.353952e-02 2.042473e+00
7.652790e+03 2.861830e+02 1.666545e+03 4.132831e-01 2.710153e-01 9.754437e-02 -2.847779e-02 2.935346e+00
7.624798e+03 3.461149e+02 1.264100e+03 8.546033e-01 2.325114e-01 -5.197044e-02 -4.769731e-02 2.356530e+00
7.574812e+03 3.369057e+02 1.141195e+03 7.917174e-02 8.048850e-01 1.553651e-01 -4.407310e-03 3.581686e+00
7.842096e+03 2.988742e+02 9.867461e+02 5.417328e-02 2.032379e-01 -1.332796e-01 -2.199462e-02 2.954481e+00
7.230295e+03 2.672761e+02 8.304522e+02 1.661005e-01 4.733132e-01 -1.044181e-01 -1.966141e-02 3.282409e+00
7.617766e+03 2.613220e+02 5.655925e+02 5.462805e-01 6.141509e-01 4.874426e-02 -3.697230e-02 3.099580e+00
7.334118e+03 2.777649e+02 1.031294e+03 7.292190e-01 8.820660e-01 -1.650030e-01 -5.457281e-03 3.036645e+00
7.819207e+03 2.670095e+02 9.721927e+02 3.751146e-01 7.022730e-01 -1.462326e-01 -5.028631e-02 2.935491e+00
7.757930e+03 3.147841e+02 6.204121e+02 1.922361e-01 4.758561e-01 1.423927e-01 2.055471e-02 3.010619e+00
7.863312e+03 2.803114e+02 9.315401e+02 7.929740e-01 6.151762e-01 8.555248e-02 3.459884e-02 2.694605e+00
7.505146e+03 2.885409e+02 9.567227e+02 5.132359e-01 6.396907e-02 1.010726e-01 1.763349e-02 2.608994e+00
7.922666e+03 3.279872e+02 5.499035e+02 6.867321e-01 2.752837e-01 -7.207032e-02 3.970620e-02 2.513538e+00
7.595004e+03 3.328060e+02 5.832857e+02 1.092480e-01 1.700937e-01 -1.627091e-01 -1.489610e-02 2.750147e+00
7.919345e+03 3.199894e+02 1.592400e+03 2.896206e-01 5.271575e-01 7.616327e-02 -4.232075e-02 3.309641e+00
7.439499e+03 2.790390e+02 1.405516e+03 7.063019e-01 8.809384e-01 -1.262661e-01 4.912456e-03 3.294365e+00
7.654240e+03 2.971378e+02 1.090557e+03 5.103247e-01 5.572502e-01 1.094225e-01 -3.143447e-02 2.987614e+00
7.508346e+03 2.852586e+02 7.837530e+02 3.913582e-01 5.453519e-01 -1.421512e-01 1.701440e-02 2.975326e+00
7.444287e+03 3.246841e+02 1.294927e+03 1.997640e-01 3.117102e-01 2.714202e-02 1.549230e-02 3.705652e+00
7.650144e+03 3.253094e+02 1.649055e+03 4.022382e-01 6.043449e-01 1.903808e-02 1.513588e-02 3.959693e+00
7.846461e+03 2.967758e+02 9.940998e+02 4.746144e-01 4.252127e-01 1.518504e-01 3.361119e-02 2.662670e+00
7.593351e+03 2.772311e+02 1.102261e+03 1.851561e-01 7.617271e-01 -1.124309e-01 3.491813e-02 3.397672e+00
7.369314e+03 2.718444e+02 7.029111e+02 4.325269e-01 1.976941e-01 3.278987e-02 4.802259e-02 2.868392e+00
7.601157e+03 3.183605e+02 9.084141e+02 4.546499e-01 1.761824e-01 -1.407221e-01 -5.192385e-02 2.381238e+00
7.284430e+03 2.870742e+02 1.580942e+03 8.891261e-01 1.132810e-01 -1.339641e-01 -5.003144e-02 1.889202e+00
7.307787e+03 3.448067e+02 6.777947e+02 2.217819e-01 3.058733e-01 -1.066095e-01 -1.725346e-02 3.065107e+00
7.280371e+03 2.937110e+02 1.109788e+03 2.159562e-01 8.682906e-01 -1.558694e-01 2.117468e-02 3.441466e+00
7.778360e+03 3.196173e+02 1.475982e+03 7.763694e-01 6.975402e-01 -3.038378e-02 9.646620e-03 3.466546e+00
7.375532e+03 3.236394e+02 1.378581e+03 4.495707e-01 3.308981e-01 -7.501153e-02 -2.599084e-02 3.092147e+00
7.866821e+03 2.933475e+02 1.439164e+03 7.296285e-01 1.973039e-02 -9.581846e-02 -5.082331e-02 2.139586e+00
7.219091e+03 3.005328e+02 1.409045e+03 4.067612e-01 7.007095e-01 5.216872e-02 2.632754e-02 3.679294e+00
7.454827e+03 2.645209e+02 1.313281e+03 8.032191e-01 7.584473e-01 -8.655081e-02 2.729345e-02 2.990232e+00
7.812423e+03 2.976240e+02 5.042448e+02 3.288006e-01 5.015081e-01 -1.635153e-02 -3.213962e-02 3.402165e+00
7.903707e+03 2.683163e+02 7.237633e+02 5.691634e-01 5.136368e-01 7.950141e-02 1.325845e-02 3.042084e+00
7.821845e+03 2.903768e+02 1.388803e+03 3.948631e-02 3.193401e-01 -1.459464e-01 2.034142e-02 3.054527e+00
7.853552e+03 2.719093e+02 8.800934e+02 8.507427e-01 9.731771e-01 -1.688869e-01 5.190679e-02 2.625582e+00
7.286020e+03 3.071902e+02 1.056475e+03 5.580114e-01 7.902466e-01 -4.864243e-02 1.105396e-02 3.657334e+00
7.412668e+03 2.714966e+02 1.210224e+03 5.596911e-01 7.781921e-01 -1.572004e-01 2.873571e-03 3.192461e+00
7.666258e+03 2.634898e+02 9.021107e+02 6.018074e-03 4.038067e-01 -6.037471e-02 -4.815931e-03 3.750569e+00
7.327107e+03 2.725360e+02 1.301427e+03 4.177526e-01 6.751591e-01 -7.165535e-02 -3.076116e-02 3.468310e+00
7.563774e+03 3.410446e+02 7.698093e+02 3.081874e-01 2.588158e-01 -1.430364e-01 -4.881959e-02 2.577055e+00
7.848378e+03 2.798768e+02 1.345952e+03 2.929193e-01 2.354908e-01 2.679935e-02 -4.433224e-02 3.178144e+00
7.391727e+03 2.620858e+02 5.621776e+02 5.218305e-01 3.041385e-01 1.126373e-01 2.760792e-02 2.647820e+00
7.881057e+03 2.630217e+02 1.108913e+03 3.760442e-01 9.121596e-01 -9.492417e-02 1.658448e-03 3.745999e+00
7.641277e+03 2.520815e+02 1.135912e+03 5.614655e-02 2.839595e-01 -9.988718e-02 2.616694e-02 3.180731e+00
7.206859e+03 3.016176e+02 5.105370e+02 4.241650e-01 7.641423e-01 -1.139574e-01 -2.966592e-02 3.115661e+00
7.921611e+03 3.159083e+02 1.631381e+03 5.627174e-01 8.515545e-01 1.215886e-01 1.359670e-02 3.401118e+00
7.550150e+03 3.060775e+02 7.192427e+02 2.889689e-01 4.508512e-01 -1.453846e-01 -4.454690e-02 2.779288e+00
7.702416e+03 3.080697e+02 8.564186e+02 9.748452e-01 7.549276e-01 1.631317e-01 -1.021362e-03 2.374653e+00
7.662728e+03 3.156125e+02 1.295990e+03 2.089170e-01 1.804973e-01 1.160391e-01 4.546187e-02 2.738908e+00
7.565836e+03 2.867862e+02 1.271501e+03 4.562342e-01 2.165736e-01 5.556187e-02 -4.815446e-02 2.864703e+00
7.980284e+03 2.590112e+02 1.679603e+03 2.357812e-01 9.101955e-01 -1.155817e-01 -4.149364e-02 3.595701e+00
7.795649e+03 3.126480e+02 1.676167e+03 6.654737e-01 9.700911e-01 1.410451e-02 3.549841e-02 3.754145e+00
7.433623e+03 2.819221e+02 6.703216e+02 9.746113e-03 2.360143e-02 7.430410e-02 -2.582067e-02 3.119662e+00
7.476262e+03 3.142854e+02 1.013415e+03 4.720758e-01 2.970586e-01 6.426583e-02 -4.084462e-02 2.903977e+00
7.909545e+03 2.992193e+02 8.465591e+02 2.743086e-01 8.002006e-01 7.085335e-04 1.757227e-02 4.037291e+00
7.904718e+03 3.364699e+02 7.087547e+02 5.312706e-01 5.361696e-02 1.602371e-01 1.193594e-02 2.313630e+00
7.793223e+03 3.386621e+02 1.075997e+03 2.522334e-01 8.704526e-01 -1.533193e-01 3.576781e-02 3.280017e+00
7.378570e+03 3.297258e+02 1.394980e+03 8.243767e-01 9.269629e-02 -4.975425e-02 1.253054e-02 2.536776e+00
7.947102e+03 2.695206e+02 8.878973e+02 9.075522e-01 3.445765e-01 -9.809538e-03 1.339927e-02 2.729015e+00
7.239535e+03 3.190403e+02 1.259826e+03 8.429543e-01 5.763765e-01 -1.826708e-03 2.486241e-02 3.094117e+00
7.826619e+03 2.649653e+02 6.675321e+02 8.647807e-01 2.465865e-01 1.463721e-01 4.307251e-02 1.979597e+00
7.789134e+03 3.372019e+02 1.462266e+03 2.466293e-01 7.886350e-01 -2.422391e-02 -1.780683e-02 4.227588e+00
7.808340e+03 3.221806e+02 1.152809e+03 2.844895e-01 3.359714e-01 4.617437e-03 2.996414e-02 3.431680e+00
7.242266e+03 3.008740e+02 8.420262e+02 8.737900e-01 3.120012e-01 -1.575954e-01 -4.785148e-02 2.016300e+00
7.519583e+03 2.580583e+02 1.549930e+03 8.174848e-02 1.361927e-01 1.061566e-02 -2.658134e-02 3.580330e+00
7.723272e+03 3.390833e+02 6.794689e+02 6.380681e-01 1.215538e-01 1.685304e-01 -4.399448e-02 2.089090e+00
7.656904e+03 2.835266e+02 8.275166e+02 3.779698e-01 1.652332e-01 1.810601e-02 4.686225e-02 2.921528e+00
7.888461e+03 3.128135e+02 1.206911e+03 6.709212e-01 8.360184e-02 -1.737849e-01 2.016947e-02 2.141841e+00
7.446416e+03 3.031285e+02 1.430009e+03 6.617465e-01 7.338170e-01 -1.272899e-01 6.387394e-03 3.179672e+00
7.221468e+03 2.987434e+02 1.579481e+03 1.835453e-01 7.272180e-01 2.307415e-03 1.652179e-02 4.424416e+00
7.831067e+03 2.714329e+02 1.566240e+03 7.850690e-01 4.486249e-01 -9.531257e-02 -2.473767e-02 2.698172e+00
7.208066e+03 3.219564e+02 1.662714e+03 4.000984e-01 6.498995e-01 1.500643e-01 -4.922933e-02 3.035510e+00
7.211476e+03 2.982755e+02 1.232233e+03 6.159852e-01 3.371102e-01 -1.628107e-02 2.706932e-02 3.164151e+00
7.469359e+03 2.806199e+02 1.311441e+03 1.513034e-01 8.342663e-01 -6.464196e-02 -3.057925e-02 3.892153e+00
7.297471e+03 2.951384e+02 5.052643e+02 3.861008e-02 7.950711e-01 -8.584695e-02 -4.288010e-02 3.454688e+00
7.845455e+03 3.294590e+02 5.557259e+02 9.907490e-01 7.546364e-01 4.039514e-02 -4.281188e-02 2.314268e+00
7.865284e+03 2.710897e+02 9.015541e+02 8.160140e-01 8.646788e-01 1.302609e-01 -4.758393e-02 2.684564e+00
7.224057e+03 2.546238e+02 1.673491e+03 5.551202e-01 1.486154e-01 1.662786e-01 -1.275442e-02 2.447040e+00
7.461097e+03 2.900413e+02 1.049260e+03 6.289384e-01 9.136261e-01 -5.706087e-02 -2.613004e-02 3.492706e+00
7.572228e+03 2.887228e+02 1.425037e+03 7.379511e-01 3.899981e-02 -1.214073e-01 -4.676935e-02 2.079111e+00
7.797697e+03 2.694265e+02 6.036099e+02 8.549443e-01 4.073727e-01 -1.360986e-01 8.254385e-03 2.325105e+00
7.552558e+03 3.235841e+02 1.586666e+03 9.469903e-01 6.905518e-01 -7.649908e-02 -2.735749e-02 2.729115e+00
7.772358e+03 2.549879e+02 5.219426e+02 6.678534e-01 3.010168e-01 -1.039432e-01 -7.319443e-03 2.648734e+00
7.742809e+03 2.825750e+02 5.831035e+02 4.784145e-01 7.654024e-01 -5.043300e-02 -1.226624e-02 3.485763e+00
7.784666e+03 3.014153e+02 1.283891e+03 3.266861e-01 5.404008e-01 1.486932e-01 4.229727e-02 2.902467e+00
7.753574e+03 3.465729e+02 1.121264e+03 9.981066e-01 2.235375e-01 -1.366341e-01 -1.643873e-02 1.768728e+00
7.354729e+03 3.352604e+02 1.181727e+03 3.690306e-01 1.095524e-01 -8.849979e-02 -4.316687e-02 2.702910e+00
7.833592e+03 2.507523e+02 1.651326e+03 1.269791e-01 9.034007e-01 6.176897e-02 -1.875159e-02 4.223013e+00
7.273037e+03 3.309744e+02 7.948531e+02 2.117545e-01 9.834232e-01 6.014052e-02 -4.391852e-02 3.718722e+00
7.897302e+03 2.814275e+02 1.459123e+03 8.805058e-01 4.848653e-01 1.694877e-01 4.448425e-02 2.208247e+00
7.607860e+03 3.421745e+02 1.323247e+03 6.242806e-01 2.645504e-01 5.004595e-02 -3.293721e-02 2.876086e+00
7.584366e+03 3.003195e+02 7.717964e+02 2.876704e-01 8.501781e-01 1.475815e-01 1.380300e-02 3.340750e+00
7.887104e+03 3.488965e+02 1.670774e+03 6.938992e-01 8.785387e-01 -8.943474e-02 4.376560e-02 3.186364e+00
7.589623e+03 2.743566e+02 1.354987e+03 3.460149e-01 9.102925e-03 1.057374e-01 -3.819073e-03 2.816868e+00
7.320777e+03 2.528013e+02 1.505932e+03 6.341373e-01 3.767814e-02 -8.055012e-03 4.468023e-02 2.580666e+00
7.917603e+03 2.977684e+02 1.258093e+03 2.580729e-01 6.551250e-01 -6.504190e-02 2.101058e-02 3.633662e+00
7.419519e+03 2.530915e+02 5.144559e+02 6.195515e-01 5.281584e-01 9.232224e-03 -1.802431e-02 3.309644e+00
7.614429e+03 3.269051e+02 6.250505e+02 6.604916e-01 1.779169e-01 1.443093e-01 -1.847850e-02 2.337420e+00
7.979000e+03 2.508621e+02 6.652331e+02 1.532303e-01 4.562530e-01 9.617945e-02 1.484221e-02 3.270139e+00
7.547353e+03 3.005814e+02 1.222027e+03 4.034124e-02 8.460093e-01 7.556337e-02 -4.211584e-02 3.788877e+00
7.241151e+03 3.148304e+02 1.256087e+03 9.925168e-01 6.935275e-01 -1.731761e-02 -3.801022e-02 2.596493e+00
7.328561e+03 2.825035e+02 1.561614e+03 9.520158e-01 3.794823e-01 2.619946e-02 4.137801e-02 2.428035e+00
7.824942e+03 2.831085e+02 7.865401e+02 7.646480e-01 9.436203e-01 -1.194705e-01 3.957110e-02 2.847765e+00
7.286802e+03 2.919026e+02 1.380987e+03 9.489980e-02 1.920142e-01 1.236613e-01 -4.191841e-02 2.855130e+00
7.305221e+03 3.417840e+02 9.525201e+02 8.985756e-01 1.610287e-01 -1.710058e-01 -5.120497e-03 1.959502e+00
7.573249e+03 2.924697e+02 8.839484e+02 9.890508e-01 4.275575e-01 4.119826e-02 -2.327898e-02 2.287753e+00
7.669941e+03 2.953764e+02 8.741545e+02 4.180003e-02 7.996168e-01 -1.097301e-01 -1.458200e-03 3.783536e+00
7.610224e+03 3.433247e+02 1.690724e+03 6.903828e-01 5.988085e-01 2.998465e-02 3.523033e-02 3.297940e+00
7.452850e+03 3.102372e+02 1.699098e+03 6.442993e-01 5.689762e-01 1.281097e-01 4.241491e-02 2.806994e+00
7.537447e+03 3.231369e+02 8.082952e+02 6.982342e-01 1.832518e-01 6.958118e-02 -2.396185e-02 2.608824e+00
7.620969e+03 2.726801e+02 1.473914e+03 1.984951e-01 7.394111e-01 1.156335e-01 4.501499e-04 3.752234e+00
7.290912e+03 3.492065e+02 1.166263e+03 6.321086e-01 7.404500e-01 2.190265e-02 5.094709e-02 3.225476e+00
7.316845e+03 3.487780e+02 5.005763e+02 7.323176e-01 1.173163e-01 1.590775e-01 -4.098909e-02 2.027961e+00
7.318521e+03 2.926755e+02 8.709905e+02 5.822218e-01 5.241546e-01 3.149935e-02 1.982097e-02 3.318658e+00
7.804510e+03 2.722300e+02 1.266539e+03 9.504310e-01 4.778626e-01 -9.113598e-02 -1.432704e-02 2.414972e+00
7.993824e+03 3.191691e+02 1.413923e+03 4.521977e-01 6.777439e-02 -4.518621e-02 4.674322e-02 2.750889e+00
7.915349e+03 3.373886e+02 5.305870e+02 8.595088e-01 6.036151e-01 6.691913e-02 -1.698379e-02 2.666745e+00
7.299847e+03 2.739128e+02 8.226141e+02 6.793473e-01 9.999501e-01 -7.982030e-02 4.943863e-02 3.135645e+00
7.512394e+03 2.642640e+02 1.636993e+03 9.584757e-01 5.754936e-01 1.594941e-01 1.854138e-02 2.323988e+00
7.642773e+03 3.490393e+02 8.069546e+02 2.401015e-01 3.289559e-01 -2.257558e-02 -2.886897e-02 3.480350e+00
